0b003d01 0b002501 10000 100 48927 2000079940 12592 12422
0b003f01 0b003801 10000 100 9411 2000111094 4874 4951
0b003701 0b003c01 10000 100 463029 2000081452 51384 47144
0b000301 0b000201 10000 100 48560 2000165657 8123 8232
0b001b01 0b000001 10000 100 1242516 2000064796 127447 112494
0b002901 0b003501 10000 100 148680 2000179099 24425 20786
0b002d01 0b002a01 10000 100 25933 2000205169 6244 6334
0b000401 0b000d01 10000 100 43966 2000181269 47761 12006
0b003901 0b002001 10000 100 1697211 2000103691 163807 150617
0b001301 0b000701 10000 100 1737 2000261225 8410 8466
0b002901 0b003201 10000 100 75115 2000264145 14503 14621
0b003301 0b003501 10000 100 29471 2000284466 6539 6632
0b003801 0b002d01 10000 100 16761 2000325441 9657 9726
0b000201 0b001001 10000 100 48460 2000328624 16717 12384
0b002801 0b003901 10000 100 51704 2000358803 12758 12656
0b002e01 0b002b01 10000 100 55031 2000368927 9125 8777
0b003f01 0b002e01 10000 100 724605 2000319131 68647 69072
0b002201 0b003b01 10000 100 185169 2000373950 23637 23847
0b002001 0b003601 10000 100 1996001 2000021057 416588 175668
0b001801 0b000601 10000 100 72424 2000453123 19797 14394
0b000601 0b000e01 10000 100 973901 2000240032 241906 89972
0b003b01 0b002401 10000 100 46293 2000474590 12147 12203
0b000101 0b000c01 10000 100 42556 2000462431 40227 11889
0b003201 0b003101 10000 100 287423 2000486920 28862 28259
0b001e01 0b001501 10000 100 5654 2000513309 8755 8795
0b002e01 0b003e01 10000 100 757426 2000460295 76161 71824
0b001101 0b000c01 10000 100 18506 2000535522 10031 9873
0b003701 0b002e01 10000 100 877235 2000470711 85100 81870
0b000f01 0b001f01 10000 100 871843 2000480657 86077 81415
0b000401 0b000001 10000 100 58871 2000556379 13728 9096
0b002201 0b002601 10000 100 63463 2000570249 9618 9482
0b001901 0b000a01 10000 100 20155 2000592552 16451 10013
0b000d01 0b000a01 10000 100 24423 2000621289 6120 6209
0b003201 0b003901 10000 100 143393 2000606739 21352 20344
0b002901 0b003601 10000 100 3206 2000622878 8754 8591
0b002001 0b003d01 10000 100 55975 2000624168 13089 13013
0b002001 0b002501 10000 100 49197 2000659234 8177 8287
0b000201 0b001501 10000 100 5271 2000661963 9235 8764
0b001501 0b001201 10000 100 128994 2000659111 15213 14974
0b001c01 0b000b01 10000 100 251907 2000623378 75774 29440
0b002001 0b003f01 10000 100 34148 2000691740 11238 11186
0b003401 0b003701 10000 100 22657 2000707067 6053 6060
0b003b01 0b003e01 10000 100 519696 2000669483 47274 47732
0b003401 0b002a01 10000 100 7352 2000712151 9460 8938
0b002601 0b003f01 10000 100 5090 2000718659 9088 8750
0b001101 0b000101 10000 100 725316 2000632133 126255 69133
0b001f01 0b001401 10000 100 38998 2000753675 17835 11589
0b003001 0b003901 10000 100 52777 2000820538 14203 12745
0b001f01 0b000401 10000 100 59167 2000821462 15262 13283
0b003601 0b002201 10000 100 58219 2000827549 13617 13204
0b000a01 0b001d01 10000 100 2162268 2000661388 192077 189607
0b000101 0b001401 10000 100 5354 2000860100 9248 8771
0b000e01 0b000201 10000 100 4540 2000864942 8915 8702
0b002801 0b002701 10000 100 19907 2000891465 9922 9989
0b001101 0b000001 10000 100 1667 2000894280 8469 8461
0b003501 0b003201 10000 100 111877 2000891902 15827 13540
0b002c01 0b002d01 10000 100 59929 2000914615 9066 9184
0b000401 0b000601 10000 100 17388 2000960479 5536 5620
0b002d01 0b002201 10000 100 17423 2000948730 29724 9782
0b000401 0b001401 10000 100 27677 2000999080 10895 10641
0b001201 0b003b01 10000 100 577 2000009329 1013001 1012550
0b003e01 0b003f01 10000 100 3234 2001028939 4362 4434
0b001501 0b002701 10000 100 2540 2000021040 1012804 1012714
0b001e01 0b001201 10000 100 3465 2001054987 8611 8612
0b002201 0b003601 10000 100 79992 2001046940 22191 15026
0b000b01 0b003001 10000 100 27158 2000071423 1018993 1014780
0b002d01 0b003d01 10000 100 1616 2001094016 8426 8456
0b002601 0b001801 10000 100 4159 2000097702 1015566 1012851
0b001a01 0b001d01 10000 100 18342 2001108075 5616 5700
0b000301 0b003301 10000 100 5447 2000101143 1037392 1012958
0b002701 0b003101 10000 100 1773834 2000039177 1100615 157038
0b001801 0b003801 10000 100 1226450 2000009774 1135870 1115327
0b001101 0b002601 10000 100 43525 2000128756 1024749 1016150
0b001301 0b002001 10000 100 254671 2000081428 1077270 1033852
0b001801 0b002f01 10000 100 10613 2000124363 1035286 1013391
0b003301 0b000701 10000 100 56497 2000012562 1153298 1017238
0b002601 0b003501 10000 100 6734281 2000498674 678063 572924
0b002f01 0b000801 10000 100 1581273 2000033670 1167311 1145076
0b003c01 0b002c01 10000 100 45054 2001222274 12836 12100
0b001801 0b002b01 10000 100 1063187 2000145670 1101348 1101640
0b001101 0b001501 10000 100 17429 2001246097 5572 5623
0b002301 0b002101 10000 100 9584251 2000452365 804472 807706
0b000f01 0b003801 10000 100 9122 2000208604 1058034 1013268
0b000b01 0b001101 10000 100 1964282 2001058195 215910 173008
0b002301 0b002f01 10000 100 13303 2001257398 17872 9438
0b002e01 0b001101 10000 100 7607 2000092358 1221058 1013139
0b001301 0b000101 10000 100 59330 2001277244 38537 13296
0b001d01 0b000c01 10000 100 72199 2001297192 22807 14376
0b002901 0b003701 10000 100 68833 2001306561 16801 14091
0b003b01 0b000e01 10000 100 66958 2000130158 1194873 1018113
0b002401 0b001b01 10000 100 38986 2000134559 1191707 1015768
0b003101 0b001d01 10000 100 36799 2000172785 1154987 1015586
0b002b01 0b002601 10001 100 8575 2001316650 14166 9040
0b002d01 0b002701 10000 100 28648 2001320644 11822 10723
0b003901 0b003a01 10000 100 66742 2001323424 9700 9756
0b002901 0b002c01 10000 100 78145 2001324938 10594 10714
0b001801 0b003901 10000 100 38197 2000253907 1086360 1015705
0b003101 0b002d01 10000 100 101103 2001343272 16893 16799
0b002a01 0b003b01 10000 100 1114306 2001162637 198335 101746
0b002c01 0b002801 10000 100 33393 2001353833 7634 6962
0b001001 0b003701 10000 100 90727 2000323564 1053855 1020107
0b002201 0b001401 10000 100 3033802 2000047907 1329710 1266854
0b000601 0b002601 10000 100 48873 2000315710 1068918 1016598
0b000101 0b000001 10000 100 7771733 2000549841 845724 655743
0b000a01 0b002801 10000 100 7112 2000357319 1041589 1013099
0b001a01 0b000801 10000 100 27267 2001384274 16032 10608
0b002001 0b002d01 10000 100 68046 2001384412 17158 14028
0b002201 0b002e01 10000 100 17667 2001411045 10344 9802
0b003b01 0b001901 10000 100 16401 2000072767 1348627 1013877
0b003601 0b001001 10000 100 7441 2000139912 1285418 1013126
0b000901 0b001201 10000 100 909 2001390424 41073 8396
0b001801 0b001901 10000 100 48575 2001432825 8231 8234
0b003c01 0b001f01 10000 100 43947 2000117679 1338023 1016184
0b002b01 0b002601 10000 100 2842832 2001170033 285777 246663
0b001601 0b000501 10000 100 29820 2001416872 47086 10820
0b002b01 0b000801 10000 100 44359 2000324175 1145147 1016221
0b002e01 0b002101 10000 100 46921 2001457343 13690 12254
0b000101 0b002901 10000 100 275331 2000363439 1109937 1035586
0b000d01 0b002e01 10000 100 99179 2000413616 1105056 1020818
0b000301 0b000e01 10000 100 158031 2001488004 31199 21573
0b003a01 0b003201 10000 100 2996681 2000755704 786725 259562
0b002201 0b002e01 10001 100 32386 2001572373 12121 11037
0b000201 0b000101 10000 100 4973717 2001166747 439944 421157
0b000901 0b001401 10000 100 3521 2001583676 28554 8617
0b002c01 0b002b01 10000 100 189539 2001564177 49544 20052
0b000201 0b002d01 10000 100 841460 2000453629 1165450 1083050
0b003e01 0b000101 10000 100 2862 2000375759 1258510 1012740
0b000c01 0b001501 10000 100 61025 2001599307 50827 13440
0b001701 0b000601 10000 100 65888 2001584389 107192 13844
0b001801 0b001301 10000 100 1230979 2000557901 1135078 111525
0b002001 0b002a01 10000 100 5980 2001696139 12469 8821
0b003701 0b002b01 10000 100 2443442 2001463037 246521 213180
0b000901 0b003601 10000 100 924531 2000429505 1282839 1090014
0b001701 0b002501 10000 100 70318 2000602361 1124696 1018398
0b002f01 0b002001 10000 100 4320843 2000891504 851906 370580
0b000601 0b001501 10000 100 39660 2001754022 13737 11646
0b000f01 0b000001 10000 100 474130 2001663395 116154 48074
0b002401 0b003b01 10000 100 3002925 2001514498 269223 260085
0b003701 0b000401 10000 100 33550 2000393038 1394426 1015314
0b001001 0b000901 10000 100 182111 2001686735 104922 23591
0b000501 0b000101 10000 100 2549242 2000572641 1236446 217891
0b000c01 0b002701 10000 100 64444 2000573967 1238970 1017905
0b000501 0b001201 10000 100 4305987 2000261775 1554100 369334
0b002601 0b003601 10000 100 68347 2001791428 34874 14052
0b002f01 0b002e01 10000 100 6798317 2000728703 1098527 574133
0b000701 0b003301 10000 100 120170 2000569432 1262122 1022578
0b001401 0b001001 10000 100 6888625 2001232710 599437 581703
0b000901 0b000f01 10000 100 80734 2001823245 11105 10929
0b001501 0b003b01 10000 100 62036 2000647942 1213377 1017704
0b003301 0b002c01 10000 100 1764489 2001644374 217862 156256
0b003001 0b002101 10000 100 44408 2001876263 12293 12045
0b003601 0b003501 10000 100 7054 2001884902 4825 4755
0b000f01 0b001e01 10000 100 1084413 2001805379 109092 99239
0b002601 0b001e01 10000 100 79728 2000837112 1078240 1019185
0b003601 0b001801 10000 100 24041 2000600538 1318792 1014519
0b002f01 0b003101 10000 100 526 2001911220 8384 8365
0b001301 0b001101 10000 100 29619 2001927661 6723 6644
0b002501 0b002901 10000 100 27375 2001950404 11210 10617
0b001701 0b003d01 10000 100 53012 2000545557 1420625 1016948
0b001901 0b002601 10000 100 53324 2000633966 1347345 1016973
0b003501 0b001001 10000 100 40541 2000669289 1320341 1015900
0b001e01 0b000301 10000 100 1737586 2000769372 1223607 154000
0b000c01 0b000201 10000 100 6578 2001984817 8890 8873
0b003501 0b002a01 10000 100 177450 2001963973 31990 23199
0b000401 0b002301 10000 100 1651145 2000156204 1855869 1150935
0b000701 0b003b01 10000 100 61457 2000636022 1382126 1017654
0b002401 0b002e01 10000 100 8140 2002007343 11249 9005
0b002d01 0b001c01 10000 100 77020 2000658794 1361106 1018961
0b003601 0b003a01 10000 100 20980 2002021708 11921 10079
0b001f01 0b001e01 10000 100 168941 2002018200 18114 18324
0b002301 0b003401 10000 100 23488 2002039917 11615 10291
0b002901 0b000601 10000 100 76084 2000790802 1264255 1018882
0b002601 0b001b01 10000 100 1034 2000879488 1179302 1012590
0b003f01 0b001101 10000 100 77273 2000865370 1203097 1018981
0b002c01 0b001a01 10000 100 38942 2000903870 1168720 1015765
0b002701 0b000e01 10000 100 2141 2000795033 1282828 1012682
0b002201 0b003a01 10000 100 34551 2002071799 11281 11218
0b003301 0b003601 10000 100 9519 2002080004 4903 4959
0b002501 0b000001 10000 100 56237 2000950690 1145150 1017217
0b003601 0b001a01 10000 100 8065 2000979179 1135005 1013179
0b000d01 0b000901 10000 100 70056 2002111245 10207 10037
0b003a01 0b003301 10000 100 4092 2002116888 8906 8666
0b002f01 0b001e01 10000 100 16754 2000634885 1492260 1013905
0b003f01 0b002c01 10000 100 90292 2002102684 32422 15892
0b002901 0b003801 10000 100 852796 2002051214 88010 79819
0b000701 0b000001 10000 100 164556 2002135776 17917 17958
0b003501 0b003e01 10000 100 117307 2002115197 40229 18157
0b002b01 0b000e01 10000 100 6234 2001016549 1150803 1013025
0b002c01 0b003301 10000 100 15738 2002152328 18017 9640
0b000901 0b000101 10000 100 1316723 2002073016 118837 118715
0b001301 0b000e01 10000 100 97577 2002190772 19176 16502
0b002901 0b002401 10000 100 409328 2002159400 53057 42640
0b001a01 0b001b01 10000 100 26704 2002218087 7305 6400
0b003101 0b000d01 10000 100 29984 2001108121 1127913 1015013
0b002601 0b003501 10001 100 9854 2002231092 9509 9146
0b003901 0b001701 10000 100 1944357 2000803722 1438269 1175517
0b000f01 0b001c01 10000 100 113544 2002246945 20845 17841
0b001d01 0b000c01 10002 100 8815 2002264820 11113 9059
0b000c01 0b001a01 10000 100 127991 2002275883 19339 19050
0b003501 0b003901 10000 100 1198288 2002113683 184538 108787
0b000601 0b000d01 10000 100 78282 2002281309 17011 14885
0b002001 0b003601 10001 100 61478 2002282657 20299 13476
0b000601 0b003501 10000 100 455052 2000507761 1796238 1050655
0b002e01 0b000d01 10000 100 29406 2001242120 1081093 1014967
0b002d01 0b003501 10000 100 795554 2002185322 147814 75020
0b000e01 0b000a01 10000 100 7448 2002333652 4721 4786
0b003001 0b000c01 10000 100 33379 2001143272 1197418 1015300
0b002901 0b003301 10000 100 72351 2002270070 77762 14388
0b003701 0b000f01 10000 100 139397 2001003637 1351466 1024189
0b001401 0b001d01 10000 100 8727 2002355136 9704 9052
0b001901 0b002801 10000 100 11932 2000940942 1425677 1013500
0b003601 0b002801 10000 100 5682786 2000926742 1462205 484765
0b002501 0b003301 10000 100 112676 2002373237 34776 17768
0b002f01 0b002701 10000 100 181236 2002380838 32364 23517
0b003701 0b002101 10000 100 1646777 2002240560 173975 146386
0b003b01 0b000b01 10000 100 40207 2000958380 1456972 1015874
0b000b01 0b003601 10000 100 4677 2001126540 1298766 1012893
0b002f01 0b000601 10000 100 34913 2001237516 1196108 1015427
0b000401 0b001c01 10000 100 111709 2002426712 23646 17686
0b000301 0b001701 10000 100 2138 2002431785 52424 8502
0b000f01 0b000801 10000 100 31214 2002491100 6752 6780
0b000401 0b001a01 10000 100 477700 2002452803 69571 48371
0b001b01 0b002001 10000 100 59766 2001147834 1394991 1017511
0b003201 0b003501 10000 100 22558 2002546774 6076 6052
0b000701 0b003101 10000 100 37302 2001044257 1516828 1015630
0b001c01 0b000d01 10000 100 477051 2002451538 134073 48319
0b003801 0b002001 10000 100 3318000 2001987112 602382 286501
0b000101 0b001201 10000 100 3184671 2001265705 1336745 275324
0b003501 0b001401 10000 100 106759 2001397739 1206274 1021451
0b001a01 0b001201 10000 100 3289464 2001178542 1431916 284110
0b000801 0b001c01 10000 100 901334 2002460611 156988 83890
0b002e01 0b001f01 10000 100 89663 2001375137 1257119 1020018
0b003b01 0b002001 10000 100 49887 2002622430 15333 12502
0b003401 0b003d01 10000 100 191628 2002604359 39760 24387
0b000501 0b001401 10000 100 169717 2002635661 22709 22550
0b001401 0b000b01 10000 100 14330 2002651984 9535 9524
0b003d01 0b003b01 10000 100 2240484 2002481556 190821 192004
0b001a01 0b000001 10001 100 35061 2002696677 14088 11263
0b003001 0b003101 10000 100 24830 2002704070 8196 6242
0b003f01 0b003401 10000 100 30779 2002694314 18266 10901
0b000301 0b001201 10000 100 19475 2002708378 9943 9954
0b003701 0b003601 10000 100 524290 2002668454 54831 48119
0b001601 0b001f01 10000 100 20523 2002718397 11597 10042
0b001b01 0b001f01 10000 100 1735579 2002586052 154624 149672
0b002b01 0b002e01 10000 100 4573952 2002228611 521949 387640
0b001601 0b001101 10000 100 30453 2002744106 8239 6715
0b000901 0b000001 10000 100 1052751 2001690967 1087120 96583
0b003601 0b003901 10000 100 58415 2002760914 17222 13219
0b003d01 0b002c01 10000 100 10858 2002793571 9926 9230
0b002801 0b003b01 10000 100 40033 2002793232 12188 11680
0b001301 0b001701 10000 100 3933132 2000461007 2346388 333917
0b000a01 0b001d01 10001 100 3635033 2001518282 1296572 313084
0b002b01 0b000001 10000 100 20150 2000824971 2000286 1014192
0b002901 0b000d01 10000 100 1382 2001464807 1365672 1012618
0b000601 0b002401 10000 100 1323 2000883922 1962404 1012613
0b001701 0b003401 10000 100 22458 2001280416 1585161 1014384
0b003801 0b000e01 10000 100 5531 2001496679 1370936 1012965
0b000001 0b000701 10000 100 69051 2002891308 9944 9952
0b003901 0b003c01 10000 100 52818 2002893273 8476 8588
0b002301 0b003101 10000 100 5967 2002899343 9832 8820
0b002801 0b003801 10000 100 1828156 2002393248 525779 161595
0b001801 0b003401 10000 100 145830 2001282381 1642282 1024727
0b000101 0b001101 10000 100 2414189 2002603532 322846 210728
0b001501 0b000d01 10000 100 18929 2002940852 9901 9907
0b000301 0b001f01 10000 100 140322 2002903267 47895 20087
0b003f01 0b003401 10001 100 1126829 2002743766 242447 102794
0b000d01 0b001501 10000 100 56637 2002974131 13159 13069
0b000701 0b001801 10000 100 77444 2002979165 14983 14815
0b000901 0b000801 10000 100 1473707 2002837210 160902 127716
0b001701 0b003401 10001 100 5763 2001586253 1413867 1012984
0b001d01 0b001401 10000 100 77230 2002974091 28633 14797
0b003e01 0b001b01 10000 100 6494805 2000391834 2612590 1557025
0b002301 0b002c01 10000 100 3953439 2002381075 630593 339778
0b001301 0b001e01 10000 100 46907 2003002273 15750 12253
0b002601 0b002c01 10000 100 3601 2003020154 8835 8623
0b003001 0b000001 10000 100 58265 2001802989 1251966 1017387
0b001b01 0b000701 10000 100 11738 2002990039 65743 9305
0b003301 0b002001 10000 100 12111 2003048929 9700 9338
0b003d01 0b003f01 10000 100 925227 2002979562 84139 81734
0b003801 0b001101 10000 100 118971 2001505073 1585966 1022474
0b000c01 0b002a01 10000 100 36854 2001276739 1815525 1015590
0b001a01 0b001e01 10000 100 3777087 2002665873 453896 320834
0b003001 0b002b01 10000 100 59252 2003114550 14210 13290
0b002501 0b002701 10000 100 36167 2003118725 10226 7195
0b000c01 0b002701 10001 100 73263 2001707558 1471021 1018645
0b002701 0b001801 10000 100 14744 2001892052 1287916 1013737
0b002701 0b003601 10000 100 24240 2003172698 26468 10355
0b002701 0b003c01 10000 100 73105 2003184209 17635 14452
0b001001 0b002a01 10000 100 77844 2001660720 1543667 1019027
0b001201 0b001c01 10000 100 28103 2003194628 56224 10679
0b003701 0b000101 10000 100 21054 2001076498 2202984 1014268
0b002301 0b003201 10000 100 4921395 2002415726 880759 420932
0b000b01 0b002b01 10000 100 7758 2001285583 2011765 1013151
0b003101 0b003b01 10000 100 1363352 2003168795 130437 122625
0b002401 0b002f01 10000 100 97039 2003225029 76988 16459
0b001601 0b003c01 10000 100 26267 2001318863 1988399 1014705
0b000c01 0b003501 10000 100 994500 2000519563 2787923 1095880
0b000601 0b003401 10000 100 460421 2001586271 1724464 1051103
0b002001 0b002601 10000 100 4235 2003309604 4746 4518
0b000001 0b003201 10000 100 4692555 2000034776 3279941 1405925
0b001601 0b000201 10000 100 946689 2003184307 135755 87691
0b002e01 0b003f01 10000 100 393628 2003280539 48675 41323
0b003d01 0b000a01 10000 100 48450 2002057409 1276896 1016564
0b001b01 0b002e01 10000 100 11780 2001785168 1551285 1013488
0b001b01 0b002601 10000 100 29953 2001666033 1670955 1015011
0b000101 0b001d01 10000 100 227037 2003288717 60241 27358
0b002701 0b003a01 10000 100 13716 2003402567 13142 9471
0b000101 0b000f01 10000 100 22643 2003422792 10996 10219
0b001601 0b001301 10000 100 534 2003431546 4100 4206
0b002501 0b000701 10000 100 28665 2001964598 1479257 1014904
0b002401 0b003001 10000 100 1070 2003438359 10332 8413
0b003e01 0b002001 10000 100 33681 2003438717 14345 11145
0b000701 0b002a01 10000 100 4300 2001936784 1518700 1012863
0b001a01 0b001d01 10001 100 27899 2003495029 8862 6499
0b000b01 0b001f01 10000 100 35283 2003493642 14116 11280
0b000901 0b001801 10000 100 25966 2003511261 11435 10497
0b000001 0b003301 10000 100 1199633 2001648836 1883417 1113078
0b002101 0b003201 10000 100 94292 2003504164 32045 16228
0b002b01 0b003501 10000 100 184367 2003517973 23810 23779
0b003b01 0b001601 10000 100 14207 2001142720 2409211 1013694
0b003901 0b002101 10000 100 109649 2003539747 18634 17514
0b000d01 0b002a01 10000 100 66007 2001856161 1707020 1018037
0b000601 0b002601 10002 100 35869 2001990640 1573742 1015507
0b003e01 0b000101 10001 100 28424 2001621479 1961932 1014885
0b000c01 0b003401 10001 100 7324 2001937604 1645846 1013116
0b002d01 0b002001 10000 100 51109 2003579724 16695 12608
0b003a01 0b003e01 10000 100 12068 2003598336 5132 5175
0b001a01 0b000001 10000 100 9472732 2001283019 2324207 802514
0b003a01 0b002901 10000 100 125731 2003577884 30358 18862
0b002201 0b002c01 10000 100 29661 2003608053 12270 10808
0b000a01 0b000101 10000 100 951620 2003549814 98189 88105
0b002b01 0b001701 10000 100 65869 2002225342 1423634 1018022
0b000a01 0b002e01 10000 100 112989 2002144783 1508979 1021973
0b000d01 0b003b01 10000 100 114142 2002297229 1360444 1022072
0b002901 0b003301 10001 100 49125 2003639664 28112 12442
0b002101 0b003301 10000 100 1405283 2003444674 234625 126141
0b003a01 0b002201 10000 100 26850 2003666491 33191 10571
0b000501 0b000401 10000 100 68951 2003691859 9982 9941
0b003801 0b003601 10000 100 45283 2003700434 12619 12119
0b000a01 0b003901 10000 100 16894 2002370469 1352411 1013916
0b003701 0b003b01 10000 100 40069 2003739391 11792 11682
0b001201 0b003601 10000 100 43831 2002381048 1371861 1016175
0b000201 0b002601 10000 100 74541 2002243231 1527305 1018751
0b002801 0b000801 10000 100 1445155 2001043065 2741748 1133665
0b000601 0b002101 10000 100 1655656 2001194254 2591711 1151311
0b000a01 0b002701 10000 100 5865 2002241705 1546004 1012992
0b001d01 0b002f01 10001 100 1090555 2000914062 2875354 1103933
0b001601 0b000901 10000 100 176039 2003782515 24788 23082
0b003801 0b003401 10000 100 30464 2003783987 33812 10876
0b000a01 0b003001 10000 100 7016 2002345458 1481283 1013092
0b002801 0b001201 10000 100 18764 2002081555 1762503 1014074
0b003001 0b003d01 10000 100 21123 2003832946 12300 10094
0b002501 0b002801 10000 100 78884 2003780851 74754 14934
0b001e01 0b002f01 10000 100 741648 2001291402 2578271 1074681
0b003601 0b001c01 10000 100 1690094 2002270462 1610066 1154200
0b000701 0b002f01 10000 100 78396 2001449762 2440930 1019075
0b001d01 0b001601 10000 100 30148 2003894396 10960 10850
0b000001 0b000101 10000 100 686102 2003856547 61995 61686
0b002901 0b002401 10001 100 18815 2003913481 10001 9898
0b002601 0b002f01 10000 100 28823 2003916001 11375 10737
0b001301 0b000301 10000 100 10069 2003931225 9565 9167
0b000201 0b000b01 10000 100 76731 2003921343 19895 14754
0b001801 0b001101 10000 100 11043 2003932052 9309 9249
0b003401 0b000001 10000 100 26971 2001647209 2296861 1014761
0b000a01 0b003801 10000 100 499434 2002322642 1624182 1054374
0b003801 0b001201 10000 100 396953 2002115174 1836319 1045780
0b002a01 0b000201 10000 100 750 2002369907 1590084 1012563
0b000401 0b003701 10000 100 197414 2002131061 1833496 1029053
0b000401 0b000f01 10000 100 14020 2003955368 9629 9499
0b003b01 0b000201 10000 100 78242 2002015792 1953221 1019062
0b003701 0b001801 10000 100 12379 2002640736 1347298 1013540
0b003f01 0b003e01 10000 100 6461 2003990195 4936 4703
0b000e01 0b003201 10000 100 578111 2002467504 1531756 1060972
0b001701 0b002501 10001 100 120468 2002586775 1430232 1022602
0b001601 0b000701 10000 100 7983 2004008438 9175 8989
0b003601 0b001401 10000 100 8977 2001533702 2509917 1013252
0b001a01 0b000901 10000 100 32635 2004002503 54819 11057
0b003401 0b003801 10000 100 1630539 2003891889 180989 145026
0b002f01 0b000001 10000 100 2560 2002214252 1863514 1012716
0b001801 0b003601 10000 100 18428 2002751681 1340783 1014047
0b001301 0b003e01 10000 100 48585 2002543611 1549009 1016574
0b002501 0b002701 10001 100 597522 2004024960 79574 54258
0b002d01 0b000201 10000 100 699763 2002502751 1602916 1071169
0b003101 0b002501 10000 100 1077802 2003655204 465730 98683
0b003201 0b003c01 10000 100 2351082 2003828128 303868 205438
0b002301 0b000901 10000 100 6184 2002259855 1875259 1013021
0b000c01 0b003401 10000 100 1821248 2001658506 2476688 1165196
0b002001 0b001001 10000 100 18707 2002610616 1529080 1014069
0b001b01 0b001101 10000 100 510274 2004083114 69770 51104
0b003701 0b003901 10000 100 21733 2004123079 30486 10143
0b002401 0b001001 10000 100 79527 2001702008 2461864 1019169
0b002d01 0b000b01 10000 100 54998 2001750699 2419368 1017111
0b002001 0b003301 10000 100 32386 2004176017 14647 11037
0b002901 0b001c01 10000 100 38837 2002640414 1551007 1015756
0b000f01 0b000401 10000 100 8955 2004204859 9613 9070
0b003801 0b003a01 10000 100 23160 2004204608 12341 6104
0b003101 0b000601 10000 100 7350 2002398916 1822638 1013118
0b002101 0b003801 10000 100 16540 2004192371 32119 9708
0b001401 0b000101 10000 100 6759 2004219270 9241 8887
0b001c01 0b000701 10000 100 3761339 2002450105 1787248 323673
0b003201 0b003f01 10000 100 27986 2004214993 39002 10666
0b001f01 0b000601 10000 100 864962 2004153962 138107 80838
0b003101 0b002a01 10000 100 16466 2004289210 11261 9702
0b002a01 0b001401 10000 100 54473 2002052105 2258698 1017069
0b001801 0b000901 10000 100 5539 2004306413 9040 8786
0b003901 0b001001 10000 100 1255472 2000915260 3403704 1117760
0b001f01 0b001601 10000 100 1987092 2002976582 1345426 174921
0b003e01 0b000801 10000 100 31989 2002886340 1441738 1015182
0b002801 0b002501 10000 100 13725 2004319364 10979 9471
0b002301 0b003301 10000 100 24034 2004323740 10727 10338
0b003f01 0b002e01 10001 100 9206 2004339149 10158 9094
0b003501 0b002d01 10000 100 47901 2004343898 15175 12336
0b003801 0b002801 10000 100 56681 2004352118 17355 13073
0b002201 0b000001 10000 100 48048 2002874750 1495499 1016532
0b000301 0b000a01 10000 100 2491321 2002808739 1563640 217194
0b002901 0b000b01 10000 100 22758 2002849230 1528737 1014408
0b000f01 0b000501 10000 100 1449259 2003938681 445270 129828
0b003701 0b003e01 10000 100 54084 2004381174 22430 12857
0b002b01 0b003601 10000 100 2749 2004410181 8890 8551
0b003f01 0b003c01 10000 100 127998 2004388658 30485 14891
0b000e01 0b000a01 10001 100 38493 2004433039 8865 7389
0b003c01 0b000f01 10000 100 548649 2002095669 2351070 1058500
0b000f01 0b000001 10001 100 29230 2004474453 10817 10773
0b001701 0b002701 10000 100 4137760 2000790803 3696930 1359410
0b002c01 0b002201 10000 100 20774 2004487929 16567 10062
0b003801 0b002701 10000 100 962169 2004393314 112994 88991
0b000501 0b001b01 10000 100 52814 2004494300 17635 12748
0b002901 0b002001 10000 100 51757 2004498101 16065 12660
0b000601 0b003801 10000 100 18350 2002890191 1627011 1014040
0b002e01 0b001701 10000 100 7415 2003202245 1329505 1013123
0b003b01 0b002001 10001 100 2068253 2004115238 421732 181725
0b001901 0b002d01 10000 100 1979243 2002565482 1972611 1178442
0b001001 0b002101 10001 100 204750 2003285546 1261223 1029667
0b003601 0b001401 10001 100 3622 2001852727 2701401 1012805
0b001701 0b001201 10000 100 13175 2004549477 6020 5267
0b001701 0b000a01 10000 100 342 2004547731 8327 8351
0b000501 0b001f01 10000 100 11955 2004554675 11364 9322
0b003b01 0b002d01 10000 100 13044 2004558942 10299 9417
0b001801 0b003b01 10000 100 33303 2002307427 2266960 1015294
0b000801 0b001b01 10000 100 4384833 2001672310 2915788 375945
0b000001 0b001e01 10000 100 21591 2004577752 11863 10131
0b003501 0b000801 10000 100 1382610 2002434395 2158558 1128419
0b003a01 0b002b01 10000 100 38631 2004589973 14872 11560
0b002001 0b002b01 10000 100 7840477 2002261552 2355587 665667
0b001d01 0b000c01 10001 100 13787245 2001482156 3137918 1164245
0b002101 0b003901 10000 100 8275 2004606674 16953 9016
0b002701 0b001401 10001 100 108215 2002429527 2197237 1021575
0b002e01 0b001201 10000 100 457670 2002764870 1867586 1050872
0b000b01 0b001101 10001 100 65918 2004618316 23897 13846
0b001401 0b001f01 10000 100 10354 2004623947 19161 9190
0b002201 0b002e01 10002 100 156141 2004604003 61082 21414
0b000101 0b003801 10000 100 26069 2003173841 1491941 1014689
0b001801 0b001d01 10000 100 1335 2004669204 4271 4274
0b000c01 0b000601 10000 100 15405 2004632733 46336 9613
0b002201 0b001c01 10000 100 15749 2002725315 1954077 1013821
0b002701 0b001d01 10001 100 5640 2002673555 2015628 1012974
0b000501 0b003201 10000 100 7004 2002850084 1848423 1013091
0b001401 0b001301 10000 100 2404 2004695104 4376 4363
0b001901 0b003001 10000 100 2018054 2001471603 3228182 1181697
0b001801 0b001f01 10000 100 2780868 2003585031 1123749 237308
0b001a01 0b000201 10000 100 156307 2004699668 21314 21427
0b002001 0b000801 10001 100 79498 2002776697 1959757 1019167
0b002a01 0b002801 10000 100 993 2004736873 4174 4243
0b001501 0b003601 10000 100 27218 2002850632 1914860 1014784
0b001901 0b001c01 10000 100 10659 2004769660 5444 5054
0b000c01 0b003f01 10000 100 893 2002395185 2385916 1012575
0b000301 0b001e01 10000 100 10253 2004773544 9312 9182
0b000701 0b000601 10000 100 1324004 2004668278 118121 115168
0b003601 0b000301 10000 100 27977 2002813087 1983542 1014845
0b002c01 0b001b01 10000 100 826430 2002609329 2196959 1081790
0b000401 0b003601 10000 100 24413 2003282184 1526562 1014549
0b001401 0b003101 10000 100 34100 2003011053 1811342 1015362
0b003a01 0b003b01 10000 100 48588 2004789866 43563 8235
0b002501 0b001401 10000 100 1057182 2002729033 2117676 1101137
0b002201 0b001c01 10001 100 50204 2003318525 1545937 1016712
0b002101 0b003f01 10000 100 596 2004823710 40928 8371
0b000b01 0b001d01 10000 100 8130 2004858516 9450 9004
0b000901 0b002a01 10000 100 122438 2003075511 1810623 1022767
0b000601 0b002601 10001 100 39526 2001884415 3013521 1015815
0b001b01 0b002c01 10000 100 5522 2001855898 3048201 1012964
0b001101 0b001601 10000 100 1634281 2004763450 140699 141180
0b000701 0b000501 10000 100 843830 2004832884 77362 74907
0b001701 0b003201 10000 100 33355 2003063840 1851322 1015298
0b002601 0b002d01 10000 100 63818 2004883756 34063 13671
0b001f01 0b003c01 10002 100 499617 2002051983 2870799 1054389
0b002901 0b002d01 10000 100 9462 2004921436 5359 4955
0b000001 0b003701 10000 100 4795 2003469523 1459343 1012902
0b002301 0b000301 10000 100 9300 2003094223 1835919 1013282
0b000401 0b001701 10000 100 6143491 2003250324 1682721 523392
0b001601 0b002701 10000 100 1896897 2001875474 3067686 1171536
0b002f01 0b003a01 10000 100 9386 2004890340 58815 9109
0b001601 0b003701 10000 100 39723 2003132641 1816754 1015831
0b001401 0b000901 10000 100 506739 2004846419 105349 50806
0b001001 0b003201 10000 100 8608 2003404794 1557053 1013223
0b001b01 0b002201 10000 100 822903 2003473952 1493796 1081492
0b001f01 0b003c01 10000 100 1216007 2000255452 4713444 1114453
0b002201 0b002401 10000 100 1432 2004966413 4212 4282
0b001301 0b002901 10000 100 56468 2002374743 2605758 1017236
0b003d01 0b002c01 10001 100 3507 2004971670 8854 8615
0b003901 0b002f01 10000 100 114380 2004959711 20817 17912
0b002601 0b000201 10000 100 39689 2002757578 2227943 1015828
0b002c01 0b003a01 10000 100 4226780 2003086974 1906245 362694
0b000401 0b000d01 10001 100 240199 2004964300 29103 28461
0b003601 0b002b01 10000 100 12128 2004996568 9885 9340
0b000501 0b002001 10000 100 919200 2002266527 2751261 1089568
0b002201 0b002e01 10003 100 6107 2005010351 11940 8835
0b001f01 0b003201 10000 100 78587 2003637170 1400620 1019090
0b003701 0b000301 10000 100 1648757 2002909394 2167575 1150732
0b003d01 0b001f01 10000 100 58896 2003324502 1754127 1017438
0b000b01 0b000c01 10000 100 79366 2005069821 10925 10816
0b000701 0b002201 10000 100 23894 2003586379 1498312 1014503
0b002201 0b001501 10000 100 74342 2003291942 1795823 1018735
0b002c01 0b002101 10000 100 7580 2005088837 10591 8957
0b001c01 0b001501 10000 100 9285 2005086426 16379 9101
0b002a01 0b002901 10000 100 1713508 2003699942 1413433 147822
0b002401 0b002801 10000 100 4314 2005113060 8965 8684
0b002e01 0b000f01 10000 100 42606 2002946439 2179458 1016073
0b003f01 0b002501 10000 100 6610662 2003445695 1682445 562559
0b000801 0b001001 10000 100 5670568 2003036341 2094980 483742
0b003f01 0b003901 10000 100 78700 2005121105 17153 10759
0b003601 0b003d01 10000 100 71018 2005113120 26222 14277
0b000301 0b002a01 10000 100 2047381 2001959628 3219867 1184154
0b002401 0b000101 10000 100 68365 2003937854 1251041 1018234
0b001001 0b001701 10000 100 6258 2005184859 4786 4687
0b001301 0b002b01 10000 100 24854 2003637989 1551973 1014584
0b003a01 0b002f01 10000 100 70602 2005188351 17122 14240
