0b001301 0b000901 10000 100 19516 2000009582 1015509 1014003
0b000301 0b001b01 10000 100 136360 2000000232 1048319 1023799
0b000d01 0b001d01 10000 100 59815 2000022344 1039313 1017380
0b001301 0b000a01 10000 100 23785 2000048089 1019947 1014359
0b001e01 0b000d01 10000 100 41854 2000014885 1060062 1015874
0b000901 0b001d01 10000 100 23657 2000087902 1014285 1014349
0b001401 0b000b01 10000 100 747 2000088738 1017647 1012428
0b000f01 0b001301 10000 100 96061 2000089476 1020764 1020422
0b000401 0b001501 10000 100 137891 2000074767 1046512 1023926
0b001001 0b000001 10000 100 47023 2000147505 1023532 1016311
0b001b01 0b000601 10000 100 568 2000106236 1078288 1012414
0b001001 0b000401 10001 100 8133 2000117502 1074384 1013050
0b001e01 0b000201 10000 100 17721 2000187346 1017278 1013851
0b001a01 0b000c01 10000 100 21267 2000098503 1112346 1014150
0b001d01 0b000f01 10000 100 50451 2000140565 1070428 1016596
0b001701 0b000001 10000 100 55385 2000206873 1024669 1017010
0b001101 0b000401 10000 100 1421027 2000023318 1212389 1131507
0b001f01 0b000001 10000 100 21147 2000119326 1123122 1014141
0b001c01 0b000401 10000 100 32947 2000142342 1103369 1015127
0b001901 0b000301 10000 100 220564 2000209256 1049333 1030858
0b001401 0b000701 10000 100 18713 2000255998 1018604 1013935
0b001501 0b000701 10000 100 21501 2000271473 1018413 1014169
0b001a01 0b000001 10000 100 104587 2000237612 1054719 1021135
0b001501 0b000c01 10000 100 158887 2000183406 1114387 1025686
0b000d01 0b001801 10000 100 985 2000222887 1087897 1012447
0b001401 0b000a01 10000 100 33901 2000304947 1016568 1015207
0b000e01 0b001d01 10000 100 400006 2000169411 1153259 1045905
0b000f01 0b001401 10000 100 18478 2000275937 1051135 1013916
0b001501 0b000b01 10000 100 19674 2000299700 1034519 1014015
0b000901 0b001b01 10000 100 17275 2000221101 1119779 1013816
0b001001 0b000301 10000 100 26158 2000324028 1021495 1014561
0b000b01 0b001b01 10000 100 48128 2000274035 1081442 1016403
0b001b01 0b000001 10000 100 666700 2000255499 1100929 1068262
0b001f01 0b000701 10000 100 2272 2000325605 1032571 1012558
0b001b01 0b000f01 10000 100 458230 2000194328 1180677 1050785
0b000401 0b001001 10000 100 189319 2000249204 1135607 1028240
0b000401 0b001e01 10000 100 1448481 2000074892 1313581 1133807
0b001001 0b000401 10000 100 1853032 2000064153 1328213 1167726
0b001301 0b000501 10000 100 31966 2000231413 1168873 1015045
0b001e01 0b000401 10000 100 75641 2000367375 1043472 1018708
0b001401 0b000c01 10000 100 23100 2000355711 1066281 1014305
0b000201 0b001f01 10000 100 723496 2000312082 1114106 1073024
0b000501 0b001101 10000 100 39851 2000416854 1017068 1015706
0b001f01 0b000501 10000 100 1345903 2000235754 1226173 1125205
0b000701 0b001f01 10000 100 20072 2000415531 1048166 1014051
0b000501 0b001201 10000 100 23732 2000436168 1034173 1014355
0b001001 0b000601 10000 100 44335 2000452820 1023921 1016084
0b001801 0b000501 10000 100 41878 2000456534 1026484 1015876
0b000801 0b001501 10000 100 1899811 2000169364 1317952 1171645
0b001001 0b000201 10000 100 20791 2000486551 1018107 1014108
0b000a01 0b001b01 10000 100 2294814 2000023344 1482701 1204762
0b001101 0b000101 10000 100 4769 2000499361 1013173 1012765
0b000a01 0b001601 10000 100 1923 2000333404 1189203 1012526
0b001c01 0b000d01 10000 100 20590 2000391387 1136419 1014092
0b000901 0b001101 10000 100 2413 2000532391 1026623 1012569
0b001101 0b000901 10000 100 9421 2000528171 1032101 1013157
0b000201 0b001301 10000 100 21355 2000539485 1029979 1014157
0b001b01 0b000e01 10000 100 72181 2000523918 1052521 1018419
0b000801 0b001c01 10000 100 162467 2000425102 1152627 1025988
0b000a01 0b001b01 10001 100 45477 2000415727 1197459 1016179
0b001f01 0b000501 10001 100 33499 2000617730 1018200 1015175
0b000201 0b001f01 10001 100 29228 2000528141 1125608 1014818
0b000901 0b001a01 10000 100 77990 2000582312 1080057 1018903
0b001801 0b000f01 10000 100 63963 2000567660 1104769 1017727
0b000401 0b001c01 10000 100 1118139 2000443381 1231737 1106113
0b000401 0b001b01 10000 100 24585 2000670957 1014521 1014427
0b000801 0b001001 10000 100 1361064 2000145401 1562097 1126480
0b001301 0b000901 10001 100 26507 2000720427 1023321 1014589
0b000901 0b001201 10000 100 36926 2000652835 1110231 1015461
0b000101 0b001f01 10000 100 8564 2000698357 1065664 1013084
0b000401 0b001d01 10000 100 72900 2000723788 1043120 1018477
0b001501 0b000f01 10000 100 3466561 2000088724 1686912 1303003
0b001001 0b000501 10000 100 73159 2000703983 1075774 1018501
0b000801 0b001d01 10000 100 12031 2000729461 1054425 1013377
0b001501 0b000c01 10001 100 379237 2000646076 1143458 1044163
0b001701 0b000a01 10000 100 26338 2000665122 1124910 1014575
0b000801 0b001201 10000 100 32622 2000705164 1088338 1015101
0b000a01 0b001a01 10000 100 6184225 2000214814 1578869 1530853
0b001501 0b000301 10000 100 198556 2000710957 1098092 1029013
0b001601 0b000501 10000 100 50621 2000770920 1041117 1016610
0b000201 0b001901 10000 100 70247 2000795442 1024147 1018257
0b000f01 0b001b01 10000 100 832312 2000657057 1200695 1082148
0b001501 0b000c01 10002 100 3092 2000806580 1058207 1012627
0b001701 0b000901 10000 100 254102 2000781542 1090680 1033672
0b000e01 0b001801 10000 100 3108407 2000374027 1505971 1272976
0b001a01 0b000601 10000 100 769941 2000685371 1198627 1076917
0b000e01 0b001301 10000 100 543 2000882879 1014304 1012412
0b001e01 0b000401 10001 100 64707 2000747698 1153900 1017791
0b000b01 0b001e01 10000 100 66694 2000797846 1108973 1017957
0b001f01 0b000401 10000 100 7470 2000807147 1104034 1012993
0b000501 0b001901 10000 100 11073 2000872273 1040503 1013296
0b001e01 0b000501 10000 100 48835 2000849967 1067306 1016459
0b001101 0b000f01 10000 100 66112 2000817361 1100150 1017911
0b000801 0b001101 10000 100 1489958 2000519079 1410306 1137283
0b001e01 0b000801 10000 100 5880 2000803692 1130948 1012858
0b000601 0b001901 10000 100 427552 2000834911 1104798 1048212
0b001401 0b000301 10001 100 44643 2000930719 1021415 1016109
0b000f01 0b001801 10000 100 44521 2000775560 1185820 1016099
0b000e01 0b001b01 10000 100 48445 2000915567 1049912 1016428
0b000801 0b001c01 10001 100 1378235 2000657782 1310453 1127919
0b000a01 0b001101 10000 100 196361 2000932743 1099250 1028830
0b001601 0b000b01 10000 100 9010 2000988956 1044741 1013124
0b001601 0b000101 10000 100 12207 2000960324 1078140 1013391
0b000a01 0b001001 10000 100 176346 2000973699 1089126 1027152
0b001801 0b000801 10000 100 6806 2000988083 1076098 1012936
0b001201 0b000501 10000 100 67975 2001049607 1030251 1018064
0b001d01 0b000701 10000 100 19333 2001088854 1018064 1013988
0b000201 0b001001 10000 100 10205 2000856854 1266446 1013223
0b000a01 0b001e01 10000 100 27459 2001087523 1039907 1014669
0b000801 0b001d01 10001 100 623808 2000962104 1166107 1064665
0b000901 0b001a01 10001 100 1247656 2000937115 1192320 1116969
0b000d01 0b001c01 10000 100 429128 2000799923 1340535 1048346
0b001401 0b000e01 10000 100 1733933 2000889814 1277433 1157738
0b000201 0b001c01 10000 100 404630 2000965118 1207196 1046290
0b001401 0b000701 10001 100 697054 2000988870 1188115 1070809
0b000401 0b001801 10000 100 28656 2001013303 1164798 1014768
0b000601 0b001001 10000 100 131892 2001010216 1177345 1023423
0b001a01 0b000a01 10000 100 4268214 2000434916 1765436 1370215
0b000d01 0b001801 10001 100 190272 2001020957 1195955 1028320
0b001701 0b000401 10001 100 45069 2001212860 1041600 1016147
0b000c01 0b001101 10000 100 2733352 2000263506 1992152 1241531
0b001601 0b000101 10001 100 8507 2001199769 1060505 1013080
0b000b01 0b001a01 10000 100 137213 2001226106 1035881 1023871
0b001601 0b000801 10000 100 68443 2001137865 1137965 1018105
0b000101 0b001d01 10000 100 8067 2001229799 1056007 1013044
0b001201 0b000c01 10000 100 2640297 2000720577 1570510 1233730
0b000201 0b001c01 10001 100 997677 2000998706 1303056 1096011
0b001301 0b000c01 10000 100 168841 2001008385 1301355 1026521
0b000701 0b001201 10000 100 77566 2001275664 1038274 1018869
0b000801 0b001b01 10000 100 961600 2001121740 1198665 1092987
0b001801 0b000d01 10000 100 25393 2001268914 1067862 1014496
0b001501 0b000a01 10000 100 55018 2001319833 1036356 1016981
0b001a01 0b000801 10000 100 39024 2001322692 1034059 1015640
0b001501 0b000501 10000 100 87853 2001270404 1107660 1019731
0b001b01 0b000001 10001 100 30728 2001316554 1072814 1014942
0b000d01 0b001e01 10000 100 7305 2001366779 1059395 1012980
0b000201 0b001e01 10000 100 4434305 2000673669 1754742 1384139
0b000001 0b001d01 10000 100 28537 2001410050 1022771 1014759
0b000f01 0b001801 10002 100 77827 2001410821 1026712 1018890
0b001a01 0b000601 10001 100 9274 2001417598 1050158 1013145
0b000101 0b001301 10000 100 42954 2001261749 1211842 1015966
0b000e01 0b001701 10000 100 21424 2001218736 1260310 1014163
0b001e01 0b000701 10001 100 39198 2001364671 1119659 1015654
0b000e01 0b001b01 10001 100 30940 2001189350 1309574 1014959
0b000f01 0b001401 10001 100 73979 2001487480 1023197 1018567
0b001b01 0b000401 10000 100 45738 2001482616 1081484 1016200
0b001d01 0b000001 10000 100 1722821 2000028654 2543947 1156807
0b001601 0b000e01 10000 100 1122572 2001384116 1255627 1106483
0b001b01 0b000201 10000 100 1890883 2000416260 2227975 1170897
0b001c01 0b000101 10000 100 918219 2001311371 1346134 1089351
0b001e01 0b000701 10000 100 824973 2001190713 1555737 1081530
0b001f01 0b000301 10000 100 757374 2001287260 1708727 1075865
0b000f01 0b001b01 10001 100 1166327 2000946900 2145329 1110152
0b001f01 0b000d01 10000 100 4653033 2000006979 3090965 1402479
0b001701 0b000d01 10000 100 1597475 2000964966 2270111 1146299
0b001601 0b000c01 10000 100 1908089 2000996799 2264229 1172342
0b000c01 0b001701 10000 100 1055113 2001003446 2284688 1100829
0b001901 0b000901 10000 100 1793343 2001322628 2101260 1162721
0b000e01 0b001f01 10001 100 1093970 2001284733 2190066 1104083
0b001001 0b000b01 10000 100 1552760 2001273202 2394192 1142549
0b001201 0b000501 10001 100 1536058 2001429667 2259808 1141151
0b001d01 0b000a01 10000 100 3203359 2000477228 3484379 1280937
0b001701 0b000601 10000 100 4055590 2000982213 3068506 1352387
0b001b01 0b000e01 10001 100 4334076 2000588662 3528841 1375737
0b001e01 0b000101 10000 100 6436173 2000638138 3739644 1551976
0b000c01 0b001c01 10000 100 1595107 2000558181 3942769 1146102
0b001301 0b000801 10000 100 5625030 2000684863 3836319 1483971
0b000f01 0b001201 10000 100 7555056 2000402477 4143816 1645784
0b000c01 0b001201 10000 100 5969956 2000219212 4379293 1512886
0b000001 0b001301 10000 100 3521340 2001330825 3714035 1307596
0b000801 0b001301 10000 100 4984829 2000610743 4669423 1430293
0b001101 0b000801 10000 100 8120709 2000545349 5197951 1693206
0b001a01 0b000801 10001 100 156220 2004789673 1034382 1025465
0b000801 0b001c01 10002 100 58808 2004798919 1030043 1017296
0b000601 0b001901 10001 100 38971 2004812295 1020385 1015632
0b000001 0b001201 10000 100 10981 2004830529 1014193 1013285
0b001c01 0b000601 10000 100 78816 2004826200 1021981 1018973
0b000801 0b001101 10001 100 180131 2004793401 1060289 1027470
0b001101 0b000201 10000 100 4776 2004821557 1043660 1012766
0b001a01 0b000501 10000 100 44607 2004808855 1081905 1016106
0b001001 0b000f01 10000 100 145387 2004843939 1052706 1024556
0b000501 0b001901 10001 100 51696 2004801915 1106332 1016700
0b000f01 0b001501 10000 100 68976 2004819202 1097424 1018148
0b000201 0b001c01 10002 100 47209 2004881095 1089160 1016326
0b000201 0b001401 10000 100 178304 2004790187 1193493 1027316
0b001501 0b000201 10000 100 24482 2004798145 1230377 1014419
0b000401 0b001601 10000 100 29035 2004835986 1237852 1014803
0b001101 0b000c01 10000 100 634605 2004875977 1329881 1065571
0b001101 0b000001 10000 100 5613806 2001261461 5175023 1483027
0b001f01 0b000c01 10000 100 8348458 2000525441 6014950 1712301
0b000801 0b001501 10001 100 1896503 2004886775 1673962 1171369
0b001801 0b000701 10000 100 2588678 2004829544 1754790 1229401
0b001001 0b000901 10000 100 7184114 2000782891 5979096 1614684
0b001e01 0b000101 10001 100 8567969 2001352906 5499193 1730703
0b000e01 0b001f01 10000 100 5352614 2000938619 6046440 1461129
0b000f01 0b001801 10001 100 5185759 2000965995 6133337 1447139
0b001001 0b000601 10001 100 1736226 2004905830 2455398 1157933
0b000c01 0b001901 10000 100 17827691 2001455949 6177184 2507039
0b001e01 0b000f01 10000 100 6300429 2001219300 6461885 1540595
0b001701 0b000401 10000 100 8169528 2000572216 7168218 1697300
0b001301 0b000a01 10001 100 10776210 2000536534 7584097 1915845
0b000e01 0b001501 10000 100 9854575 2000700440 7641917 1838574
0b001101 0b000701 10000 100 4746291 2004792645 4365461 1410296
0b001101 0b000501 10000 100 11095220 2001467182 7941804 1942591
0b000a01 0b001901 10000 100 9153981 2000809287 8694914 1779834
0b000601 0b001801 10000 100 21533707 2000394292 9170987 2817752
0b000a01 0b001301 10000 100 8026159 2000955981 8904845 1685281
0b001a01 0b000c01 10001 100 7997759 2004804581 5148898 1682898
0b000701 0b001f01 10001 100 13912369 2001473759 9141018 2178780
0b000201 0b001b01 10000 100 8027792 2000473024 10284420 1685415
0b000e01 0b001101 10000 100 24990106 2000769355 10363022 3107538
0b000301 0b001a01 10000 100 6124191 2004874499 6328302 1525820
0b001401 0b000301 10000 100 13990459 2000363380 12206977 2185327
0b001001 0b000101 10000 100 6521627 2001347373 11394831 1559139
0b001901 0b000001 10000 100 24699956 2004800406 9125025 3083209
0b000101 0b001501 10000 100 19424083 2000363123 13804812 2640883
0b001201 0b000001 10000 100 22758637 2001179280 13113083 2920450
0b001101 0b000101 10001 100 25331767 2004908449 9450140 3136181
Average intra_dc ratio: 1.604068505654675
