0b000901 0b000801 10000 100 74388 2000005567 10267 10399
0b001a01 0b001701 10000 100 8166 2000014763 8946 9007
0b001801 0b001e01 10000 100 3544 2000021934 8561 8618
0b001801 0b001401 10000 100 7326 2000041801 8875 8936
0b001401 0b001b01 10000 100 64653 2000052160 13633 13741
0b000901 0b000a01 10000 100 26376 2000068215 6294 6373
0b001e01 0b001801 10000 100 6752 2000085728 8826 8887
0b001901 0b001b01 10000 100 9941 2000095331 5332 4993
0b001201 0b001001 10000 100 78968 2000111636 10710 10780
0b001a01 0b001901 10000 100 50937 2000120520 8319 8430
0b000501 0b000f01 10000 100 5614 2000132322 8732 8792
0b000e01 0b000d01 10000 100 68860 2000144408 15777 9933
0b000d01 0b000501 10000 100 202 2000147399 13827 8340
0b001101 0b001501 10000 100 33911 2000155793 14851 11163
0b001401 0b001001 10000 100 30171 2000160667 10877 10852
0b001d01 0b001201 10000 100 56222 2000157323 19005 13036
0b001c01 0b001501 10000 100 1074207 2000080521 106540 98384
0b001901 0b001401 10000 100 73608 2000198123 14419 14492
0b000e01 0b000601 10000 100 39482 2000202833 12547 11632
0b000601 0b000d01 10000 100 47011 2000192092 24116 12265
0b001401 0b001301 10000 100 20468 2000213685 10547 10038
0b001c01 0b001701 10000 100 231508 2000204904 30716 27731
0b000001 0b000e01 10000 100 8446 2000226275 10055 9030
0b001a01 0b001901 10002 100 73741 2000246241 20652 10343
0b000001 0b000d01 10000 100 1358563 2000133412 134089 122223
0b001f01 0b001e01 10000 100 150852 2000254165 33215 16808
0b000f01 0b000501 10000 100 142718 2000262955 26455 20286
0b000601 0b000301 10000 100 6214 2000293956 8783 8844
0b001501 0b001f01 10000 100 3848 2000293565 9198 8643
0b000c01 0b000e01 10000 100 50690 2000283813 21076 8411
0b000b01 0b000c01 10000 100 66612 2000291857 19259 13906
0b001201 0b001301 10000 100 168683 2000295555 18626 18303
0b001701 0b001c01 10000 100 23978 2000309917 11252 10330
0b001401 0b001501 10000 100 9315 2000332454 4926 4943
0b000301 0b000801 10000 100 172732 2000316843 22668 22802
0b001901 0b001101 10000 100 4476 2000357906 8757 8697
0b001e01 0b001901 10000 100 57617 2000366862 22047 13152
0b001d01 0b001001 10000 100 789 2000379563 10622 8386
0b001601 0b001101 10000 100 28921 2000393692 13659 10745
0b001c01 0b001001 10000 100 128306 2000386400 36849 19079
0b001101 0b001701 10000 100 10050 2000425458 9501 9166
0b000701 0b000501 10000 100 147967 2000420489 16373 16565
0b001501 0b001001 10000 100 21007 2000413337 30045 10085
0b001401 0b001801 10000 100 281309 2000390208 55243 31907
0b000401 0b000501 10000 100 55468 2000442318 12531 8812
0b000e01 0b000d01 10001 100 4493 2000455985 4765 4538
0b001201 0b001301 10001 100 188192 2000453583 20465 19941
0b000f01 0b000e01 10000 100 9735 2000477969 5686 4977
0b000401 0b000e01 10000 100 22558 2000480684 12130 10212
0b000301 0b000401 10000 100 632337 2000402622 90269 61337
0b000301 0b000401 10001 100 8758 2000491715 9343 9055
0b000e01 0b000701 10000 100 53493 2000482783 21525 12806
0b001501 0b001701 10000 100 6849 2000504794 5716 4734
0b000b01 0b000901 10000 100 2410387 2000314685 207769 206249
0b000001 0b000201 10000 100 1446496 2000404363 124207 125436
0b000c01 0b000701 10000 100 295 2000523337 12867 8347
0b001a01 0b001901 10001 100 3062300 2000220525 327626 260905
0b000901 0b000701 10000 100 37680 2000535038 14608 11480
0b000e01 0b000d01 10002 100 190032 2000499152 55539 20096
0b001a01 0b001201 10000 100 23314 2000582383 12222 10277
0b000101 0b000301 10000 100 1860382 2000345799 254453 160136
0b001001 0b001c01 10000 100 2017875 2000164917 463753 177499
0b000a01 0b000d01 10000 100 129587 2000564670 65276 19186
0b000901 0b000c01 10000 100 75625 2000616275 24182 14661
0b001201 0b001101 10000 100 182778 2000652805 19282 19484
0b000501 0b000801 10000 100 435053 2000564690 111320 44798
0b000f01 0b000b01 10000 100 64915 2000660558 36152 13762
0b000501 0b000c01 10000 100 1210818 2000581590 133985 109835
0b001601 0b001801 10000 100 18295 2000669058 52615 9856
0b001e01 0b001001 10000 100 17599 2000718399 20777 9797
0b001d01 0b001901 10000 100 49535 2000736772 16655 12474
0b000001 0b000b01 10000 100 179949 2000668097 85648 23407
0b001401 0b001601 10000 100 8679 2000748753 5015 4888
0b001801 0b001f01 10000 100 871658 2000596084 167186 81401
0b000c01 0b000001 10000 100 190571 2000606958 159207 24299
0b001501 0b001401 10000 100 56147 2000746901 19852 8870
0b001001 0b001801 10000 100 3181885 2000148350 632523 275089
0b000901 0b000701 10001 100 127609 2000746807 46024 19020
0b000a01 0b000201 10000 100 20537 2000801651 11768 10043
0b001a01 0b001701 10001 100 225257 2000719902 94626 27208
0b001b01 0b001101 10000 100 85506 2000679827 144120 15490
0b000201 0b000701 10000 100 35992 2000807517 22377 11337
0b001e01 0b001f01 10000 100 13342 2000823538 8738 5281
0b001b01 0b001601 10000 100 150519 2000798239 41193 20941
0b001501 0b001e01 10000 100 1465267 2000534256 325681 131170
0b000401 0b000901 10000 100 8965 2000855070 9797 9071
0b000c01 0b000101 10000 100 552 2000858707 30644 8368
0b000601 0b000501 10000 100 43294 2000879751 10371 7792
0b000901 0b000001 10000 100 67536 2000852756 45925 13984
0b000901 0b000d01 10000 100 77662 2000851733 53214 14832
0b000401 0b000801 10000 100 36853 2000894206 11827 11410
0b000701 0b000401 10000 100 20483 2000916172 5793 5879
0b000a01 0b000001 10000 100 77517 2000878549 49004 14820
0b001301 0b001201 10000 100 57726 2000900135 31702 9000
0b000201 0b000d01 10001 100 157 2000932188 8450 8336
0b001901 0b001e01 10000 100 37457 2000931647 18050 11462
0b000901 0b000601 10000 100 1003404 2000833844 118210 92447
0b000901 0b000401 10000 100 41100 2000944281 20121 11769
0b000a01 0b000701 10000 100 35017 2000963887 24401 11259
0b000c01 0b000501 10001 100 9030 2000992001 14752 9080
0b000101 0b000c01 10000 100 1316704 2000875553 135449 118713
0b000d01 0b000e01 10000 100 40625 2001000332 27686 7567
0b001701 0b001001 10000 100 7203 2001041926 10667 8926
0b000101 0b000a01 10000 100 75805 2001022337 38606 14676
0b001901 0b001b01 10001 100 1381212 2000944226 136579 119963
0b001001 0b001301 10000 100 11285 2001077583 5189 5108
0b000401 0b000801 10001 100 7023 2001074899 9727 8912
0b001001 0b001a01 10000 100 401987 2000971740 141368 42022
0b000f01 0b000e01 10001 100 26894 2001114562 10531 6415
0b001901 0b001201 10000 100 30598 2001073186 52937 10886
0b000f01 0b000101 10000 100 52452 2001108526 18985 12719
0b000101 0b000c01 10001 100 9081 2001122091 46922 9084
0b001801 0b001101 10000 100 142601 2001027047 152070 20277
0b001e01 0b001c01 10000 100 28225 2001121018 59434 6529
0b001401 0b001701 10000 100 995671 2000992049 204572 87638
0b000b01 0b000e01 10001 100 117005 2001139278 59863 18133
0b001d01 0b001e01 10000 100 33395 2001195689 14235 6962
0b001d01 0b001901 10001 100 5408 2001221643 10062 8775
0b001c01 0b001001 10001 100 72769 2001226563 25392 14421
0b000101 0b000d01 10000 100 30046 2001238643 13439 10842
0b001a01 0b001e01 10000 100 1729958 2000968707 288329 153359
0b001301 0b001101 10000 100 678048 2001031444 240039 61011
0b001201 0b001c01 10001 100 730 2001190514 88464 8382
0b000b01 0b000e01 10000 100 1725196 2000088204 1199295 152963
0b000d01 0b000601 10000 100 11939 2001258867 28932 9321
0b001f01 0b001a01 10000 100 60927 2001229368 66561 13428
0b000c01 0b000b01 10000 100 1093715 2000680073 616450 100018
0b001401 0b001601 10001 100 2236 2001300408 4307 4350
0b001201 0b001f01 10000 100 1479820 2000981260 332063 132388
0b000901 0b000301 10000 100 1057200 2001171256 147068 96958
0b000d01 0b000601 10001 100 56239 2001316477 17989 13038
0b000001 0b000c01 10000 100 51809 2001307891 40478 12664
0b000e01 0b000001 10000 100 113265 2001225668 134547 17818
0b000e01 0b000301 10000 100 23426 2001306993 54073 10286
0b001401 0b001d01 10000 100 4228 2001355052 8766 8677
0b000701 0b000801 10000 100 15707 2001264842 114951 9638
0b001301 0b001901 10000 100 5752 2001188734 207883 8803
0b001801 0b001001 10000 100 1393064 2001061527 347353 125118
0b000101 0b000b01 10000 100 640452 2001342671 79034 62017
0b000d01 0b000101 10000 100 130298 2001385688 40389 19246
0b001901 0b001401 10001 100 9647 2001410638 26255 9130
0b000301 0b000501 10000 100 366790 2001306383 145993 39072
0b001a01 0b001301 10000 100 76754 2001341190 111545 14756
0b000501 0b000c01 10001 100 30449 2001420701 56384 10874
0b001301 0b001701 10000 100 79991 2001340949 149947 15026
0b001901 0b001801 10000 100 77534 2001478719 31465 10662
0b001101 0b001301 10000 100 113035 2001499410 27965 13640
0b000e01 0b000501 10000 100 96414 2001439058 105601 16405
0b001b01 0b001f01 10000 100 116869 2001495300 54702 18118
0b001001 0b001501 10000 100 15416 2001536934 13671 9614
0b001401 0b001501 10001 100 7770 2001556009 6114 4812
0b000e01 0b000801 10000 100 66621 2001414019 154778 13906
0b000a01 0b000501 10000 100 1875481 2000882966 699895 165562
0b001a01 0b001f01 10000 100 2686 2001550400 46304 8546
0b000801 0b000301 10000 100 1471 2001577699 36251 8445
0b000801 0b000201 10001 100 4828 2001577832 37277 8725
0b000d01 0b000201 10000 100 6770 2001533198 82028 8888
0b001901 0b001f01 10000 100 75158 2001555709 61678 14624
0b001901 0b001301 10000 100 73619 2001545895 72526 14493
0b000401 0b000e01 10001 100 24000 2001468566 150528 10332
0b001001 0b001601 10000 100 72779 2001586554 36450 14422
0b001c01 0b001301 10000 100 3465 2001609240 13879 8612
0b001d01 0b001301 10000 100 11806 2001463149 171512 9310
0b000501 0b000801 10001 100 55987 2001622301 14832 13014
0b000e01 0b000d01 10003 100 26560 2001605268 32021 6388
0b001c01 0b001d01 10000 100 1795611 2001389405 258214 154705
0b001701 0b001301 10000 100 86287 2001550955 98091 15557
0b000001 0b000201 10001 100 64028 2001636384 13052 9531
0b001f01 0b001d01 10000 100 26446 2001619488 30733 6379
0b000001 0b000e01 10001 100 76391 2001645029 19057 14726
0b000501 0b000c01 10002 100 55618 2001590305 78994 12984
0b000e01 0b000b01 10000 100 17218 2001663391 17106 9766
0b001301 0b001701 10001 100 66209 2001580133 104718 13874
0b001101 0b001e01 10000 100 21827 2001635457 56132 10150
0b000201 0b000301 10000 100 403797 2001669802 44325 38015
0b000701 0b000001 10000 100 109778 2001674561 42600 17524
0b000101 0b000201 10000 100 75943 2001704554 14498 10527
0b000601 0b000301 10001 100 7720 2001709635 9475 8968
0b001301 0b001401 10000 100 11265 2001617011 106026 9267
0b001101 0b001601 10000 100 13624 2001699756 27697 9463
0b001d01 0b001b01 10000 100 29002 2001635585 101887 10755
0b000901 0b000f01 10000 100 4811 2001641992 97093 8724
0b000401 0b000901 10001 100 654487 2001628236 112540 63194
0b000e01 0b000601 10001 100 26385 2001742173 17185 10534
0b001101 0b001401 10000 100 44282 2001673284 88709 12035
0b000e01 0b000c01 10000 100 58675 2001655299 106882 9080
0b000901 0b000301 10001 100 35946 2001709838 67588 11333
0b000d01 0b000501 10001 100 56750 2001721745 66828 13078
0b001f01 0b001a01 10001 100 24228 2001787007 15196 10354
0b001801 0b001601 10000 100 2852724 2000415663 1387367 247493
0b000e01 0b000801 10001 100 37115 2001762515 55287 11435
0b001a01 0b001101 10000 100 52171 2001803701 19328 12697
0b000201 0b000101 10000 100 31816 2001812624 13832 6828
0b000401 0b000b01 10001 100 63805 2001792539 34081 13670
0b001e01 0b001b01 10000 100 1546517 2000432788 1400382 137981
0b000801 0b000101 10000 100 44661 2001812784 39895 12065
0b000401 0b000501 10001 100 37171 2001848194 7306 7279
0b000a01 0b000901 10000 100 1247847 2001496142 366189 108780
0b000b01 0b000601 10001 100 98716 2001767311 101057 16597
0b001701 0b001501 10000 100 29446 2001859442 12784 6630
0b001101 0b001e01 10001 100 756913 2001683896 205818 71779
0b000201 0b000e01 10000 100 522854 2001802144 96696 52156
0b001c01 0b001201 10000 100 29779 2001790151 113627 10817
0b001a01 0b001501 10000 100 162783 2001857670 51968 21968
0b000a01 0b000e01 10000 100 28329 2001791263 119173 10697
0b001201 0b001701 10000 100 1839049 2001572335 340580 162509
0b001201 0b001e01 10001 100 6137 2001813153 100371 8837
0b001d01 0b001501 10000 100 18563 2001794454 119242 9878
0b000c01 0b000d01 10000 100 3578738 2000260407 1662555 304202
0b000c01 0b000f01 10000 100 23514 2001836887 87662 6133
0b001301 0b001d01 10000 100 26885 2001869156 71864 10574
0b001501 0b001b01 10000 100 3875768 2000081572 1868611 333265
0b000b01 0b000501 10000 100 4734 2001858071 96927 8717
0b001201 0b001601 10000 100 30790 2001876289 80008 10902
0b000801 0b000001 10000 100 56931 2001847215 119209 13093
0b000001 0b000f01 10000 100 809658 2001739451 242740 76203
0b001f01 0b001701 10000 100 50309 2001924838 62206 12540
0b001601 0b001701 10000 100 28637 2001960292 29687 6562
0b000701 0b000b01 10000 100 29514 2001913977 82731 10796
0b001801 0b001e01 10001 100 657642 2001896250 101015 63458
0b000301 0b000001 10000 100 30638 2001954733 42570 6730
0b000901 0b000201 10000 100 23137 2001948586 52958 10263
0b001c01 0b001901 10000 100 748510 2001752721 254747 71076
0b001901 0b001201 10001 100 24514 2001897315 110861 10377
0b000b01 0b000201 10000 100 819 2001896315 113463 8389
0b001701 0b001001 10002 100 26807 2001985513 25174 10568
0b000301 0b000901 10000 100 1272 2001960157 57169 8429
0b001001 0b001c01 10001 100 1064496 2000526997 1490797 97569
0b001101 0b001901 10000 100 570572 2001751408 268218 56158
0b001901 0b001f01 10001 100 73508 2001773546 248621 14484
0b000b01 0b000f01 10000 100 2344222 2000581641 1463070 204862
0b001d01 0b001101 10000 100 26205 2002029036 17109 10520
0b000401 0b000e01 10002 100 37220 2001949339 101065 11443
0b000501 0b000601 10000 100 29966 2002010056 43668 6672
0b001501 0b001d01 10000 100 69259 2002005486 62278 14129
0b000101 0b000201 10001 100 18134 2002052688 16069 5683
0b001601 0b001e01 10000 100 78721 2002022934 51125 14921
0b001801 0b001201 10000 100 711592 2001921991 158163 67981
0b000a01 0b000101 10000 100 8154 2001940880 147723 9006
0b001901 0b001e01 10001 100 67969 2002037392 59083 14018
0b000001 0b000a01 10000 100 61940 2001939517 168864 13513
0b001701 0b001601 10000 100 4589 2002070418 38736 4546
0b001801 0b001901 10000 100 24777 2002067106 42813 6238
0b001001 0b001d01 10000 100 57083 2002069489 40767 13109
0b001101 0b001001 10000 100 804714 2001989850 120942 71628
0b000b01 0b000901 10001 100 42006 2002101805 25297 7685
0b001501 0b001001 10001 100 1051836 2001836238 301541 96506
0b001701 0b001401 10000 100 3714368 2001489610 648848 315575
0b000701 0b000801 10001 100 26614 2002138299 11808 10552
0b001b01 0b001601 10001 100 2011012 2001551499 613496 176927
0b001201 0b001b01 10000 100 26820 2002107381 57739 10569
0b000e01 0b000b01 10001 100 2924 2002075275 90112 8565
0b000301 0b000701 10000 100 27079 2002104312 71307 10593
0b000901 0b000a01 10002 100 219769 2002140021 36390 22586
0b001701 0b001a01 10000 100 36695 2002082875 102986 11397
0b001c01 0b001601 10000 100 1358 2002092573 94456 8436
0b001301 0b001d01 10001 100 49509 2002009198 178503 12472
0b001301 0b001401 10001 100 64812 2001754909 435002 13754
0b001201 0b001e01 10002 100 157169 2002167344 25382 21500
0b000201 0b000501 10000 100 49737 2002064154 128724 12490
0b001e01 0b001001 10001 100 64850 2002104314 93526 13757
0b000d01 0b000a01 10000 100 92933 2001904571 305016 16111
0b001801 0b001e01 10002 100 155163 2002124268 86093 21332
0b000701 0b000301 10000 100 10371 2002202087 9600 9191
0b000f01 0b000b01 10001 100 269296 2002144364 76550 30900
0b000b01 0b000301 10000 100 869 2002066757 159208 8393
0b000f01 0b000d01 10000 100 53864 2002189319 36921 8676
0b000a01 0b000b01 10000 100 1073429 2001654620 578498 94158
0b000601 0b000201 10000 100 197660 2002159173 86381 24893
0b001701 0b001b01 10001 100 15569 2002161844 87976 9626
0b001501 0b001a01 10000 100 199306 2002176957 74292 25032
0b001201 0b001501 10000 100 65617 2002084999 169052 13822
0b001901 0b001101 10001 100 16875 2002255118 10518 9735
0b001201 0b001101 10001 100 22242 2002261167 7874 6027
0b001901 0b001401 10002 100 707290 2002191982 88710 67621
0b001b01 0b001401 10000 100 2990 2002260651 24926 8570
0b001f01 0b001e01 10001 100 52918 2002171083 114994 8596
0b000401 0b000c01 10001 100 28144 2002216546 85503 10682
0b000101 0b000d01 10001 100 48446 2002049589 254328 12383
0b001401 0b001701 10001 100 16179 2002299649 5626 5519
0b001101 0b001a01 10000 100 43086 2002229334 82753 11935
0b000601 0b000801 10000 100 1347 2002158064 167551 8435
0b000501 0b000101 10001 100 157732 2002274678 54295 21545
0b001101 0b001401 10001 100 77672 2002318287 21427 14833
0b000d01 0b000e01 10002 100 52284 2002181951 159697 8546
0b000301 0b000601 10000 100 20752 2002322989 20672 10060
0b001801 0b001a01 10000 100 791086 2002209745 134168 70488
0b001101 0b001001 10001 100 627846 2002245483 99039 56799
0b001b01 0b001401 10001 100 68830 2002323768 25367 14091
0b000601 0b000c01 10001 100 189132 2002246643 105077 24180
0b001301 0b001c01 10000 100 6327 2002222752 142890 8853
0b001d01 0b001301 10001 100 263951 2002057119 309162 30449
0b000701 0b000c01 10000 100 66695 2002267998 116990 13912
0b001301 0b001701 10002 100 9138 2002249833 138581 9089
0b000201 0b000801 10000 100 73769 2002331963 61292 14505
0b001801 0b001501 10000 100 15919 2002387403 11319 9654
0b001301 0b001601 10000 100 1774544 2001926200 472527 157099
0b001301 0b001701 10003 100 46677 2002379651 24223 12234
0b001e01 0b001601 10001 100 79797 2002285930 123786 15010
0b000701 0b000d01 10001 100 56863 2002380853 37020 13087
0b001701 0b001f01 10000 100 4002253 2000564102 1863842 343871
0b000501 0b000401 10000 100 1572670 2001127589 1310535 136013
0b000201 0b000a01 10000 100 36295 2002400640 40215 11365
0b001001 0b001501 10002 100 66892 2002400216 42224 13928
0b000301 0b000c01 10001 100 6971 2002422973 23110 8904
0b000501 0b000d01 10000 100 9088 2002302344 147010 9085
0b000701 0b000f01 10000 100 7573 2002448226 10563 8956
0b000c01 0b000801 10000 100 44881 2002425869 41578 12083
0b001901 0b001801 10001 100 8860 2002468153 5521 4903
0b001101 0b001001 10002 100 7657 2002470882 5922 4803
0b000c01 0b000501 10002 100 4452 2002439928 49357 8695
0b001801 0b001701 10000 100 1716002 2001245439 1260259 152193
0b000501 0b000601 10001 100 2149595 2002168122 343948 184383
0b000801 0b000301 10001 100 31270 2002518305 14377 10944
0b001401 0b001b01 10001 100 79408 2002488356 61395 14979
0b001801 0b001201 10001 100 55440 2002534419 24055 12970
0b000601 0b000701 10000 100 107040 2002517810 44558 13137
0b001d01 0b001e01 10001 100 67258 2002557920 13183 9801
0b001601 0b001b01 10001 100 37141 2002546118 26949 11437
0b000601 0b000e01 10000 100 7251 2002238095 342749 8930
0b000c01 0b000901 10000 100 9635 2002426260 166595 9129
0b000901 0b000d01 10001 100 1245264 2002160051 433364 112725
0b001c01 0b001e01 10000 100 74523 2002557878 39951 10409
0b000001 0b000801 10000 100 142114 2002568856 32538 20238
0b000901 0b000001 10002 100 92908 2002516935 94670 16109
0b001701 0b001501 10001 100 689 2002595174 18508 4218
0b001301 0b001901 10001 100 130384 2002591798 23636 19253
0b001501 0b001101 10001 100 41494 2002578349 37532 11800
0b000501 0b000801 10002 100 1012 2002572359 48126 8408
0b000501 0b000001 10000 100 45730 2002607601 17314 12155
0b001901 0b001201 10002 100 171615 2002601354 26325 22709
0b000f01 0b000101 10002 100 310832 2002488916 139652 34380
0b000f01 0b000001 10001 100 45582 2002561216 68685 12143
0b000f01 0b000901 10000 100 2426 2002559385 76080 8525
0b000201 0b000701 10001 100 66255 2002537656 105284 13877
0b001d01 0b001901 10002 100 40787 2002632457 13048 11740
0b001c01 0b001a01 10000 100 2714 2002591563 58328 8548
0b000b01 0b000d01 10001 100 32793 2002497695 155585 11070
0b001501 0b001a01 10001 100 4729 2002607187 49114 8717
0b000a01 0b000201 10001 100 167912 2002572316 87419 22398
0b000501 0b000001 10001 100 219792 2002608289 58074 26748
0b000d01 0b000601 10002 100 143548 2002363333 303154 20356
0b000c01 0b000f01 10001 100 4491 2002666093 4662 4538
0b000501 0b000201 10000 100 4450 2002631612 40236 8695
0b000801 0b000d01 10001 100 518743 2002482160 203820 51812
0b000401 0b000b01 10002 100 154283 2002406761 291256 21257
0b000b01 0b000001 10000 100 16109 2002535921 162887 9674
0b000b01 0b000801 10000 100 2865638 2001146095 1554673 244416
0b000d01 0b000e01 10003 100 2423 2002388897 315222 4365
0b000101 0b000f01 10000 100 2304 2002623368 84818 8515
0b001601 0b001c01 10000 100 2983434 2000846976 1867735 258453
0b001301 0b001001 10000 100 8717264 2000296810 2425837 735018
0b000d01 0b000b01 10000 100 150856 2002616565 113910 20968
0b001a01 0b001b01 10000 100 50523 2002723051 12842 8397
0b000401 0b000d01 10000 100 33568 2002546350 201236 11136
0b000801 0b000e01 10000 100 1689202 2001985685 769032 149945
0b000901 0b000a01 10001 100 2643962 2001214453 1556512 225829
0b000e01 0b000b01 10002 100 745662 2002247227 537318 70837
0b000601 0b000301 10002 100 66601 2002700782 85080 13905
0b001b01 0b001901 10001 100 9087 2002759077 27263 4925
0b000701 0b000e01 10000 100 21092 2002487018 305626 10091
0b000601 0b000501 10001 100 17091 2002789654 8530 5596
0b001e01 0b001501 10000 100 787128 2002509444 291098 74316
0b000a01 0b000601 10001 100 12685 2002791992 10185 9384
0b000801 0b000001 10001 100 2919 2002809807 9041 8565
0b001e01 0b001201 10000 100 140223 2002751743 67374 20079
0b001c01 0b001e01 10001 100 48642 2002816569 10280 8239
0b000201 0b000001 10000 100 1715660 2002580408 247820 148002
0b000601 0b000101 10000 100 15957 2002727330 103483 9658
0b000301 0b000c01 10000 100 1190779 2001313001 1521834 108155
0b001b01 0b001901 10000 100 452842 2002650683 191508 42126
0b001a01 0b001101 10001 100 72279 2002676058 168237 14382
0b000601 0b000e01 10001 100 6720 2002527492 338161 8884
0b000301 0b000d01 10000 100 1135917 2001288087 1592579 103555
0b001c01 0b001501 10001 100 259894 2002768747 115660 30109
0b000601 0b000801 10001 100 67377 2002862794 32353 13971
0b000101 0b000f01 10001 100 14524 2002704690 200631 9539
0b000401 0b000a01 10001 100 49534 2002681487 240163 12474
0b000001 0b000701 10000 100 21978 2002913931 12144 10162
0b001801 0b001a01 10001 100 25233 2002915831 17856 6278
0b000701 0b000c01 10001 100 48788 2002899980 37217 12411
0b000a01 0b000801 10000 100 984143 2002844967 95030 86673
0b001501 0b001101 10002 100 685072 2002606510 357731 65760
0b000b01 0b000801 10001 100 486 2002982714 4149 4202
0b000401 0b000201 10000 100 45380 2002759522 228538 12127
0b000301 0b000001 10001 100 3100803 2002156437 837181 264132
0b001401 0b001901 10001 100 52477 2002942510 51372 12721
0b000b01 0b000a01 10000 100 21818 2002987775 6920 5989
0b000f01 0b000801 10000 100 16274 2002998006 10575 9687
0b001e01 0b001901 10001 100 796854 2001553014 1456758 75128
0b001a01 0b001701 10002 100 1761349 2002672792 337538 155994
0b001601 0b001801 10002 100 695 2002890722 119617 8379
0b001601 0b001101 10002 100 365352 2002766316 244662 38953
0b000601 0b000e01 10002 100 24342 2002632558 387481 10363
0b001f01 0b001501 10000 100 2804 2002600197 424032 8555
0b001c01 0b001701 10001 100 68816 2002995675 29337 14090
0b000901 0b000c01 10001 100 21055 2002996172 30681 10088
0b000c01 0b000201 10000 100 4120 2003001514 27741 8668
0b001f01 0b001101 10000 100 25136 2002600440 434183 10430
0b001101 0b001301 10001 100 23374 2002968709 72349 6122
0b000901 0b000401 10001 100 27529 2002846118 197113 10629
0b001601 0b001801 10001 100 1400220 2001733231 1325296 125717
0b000501 0b000b01 10000 100 11476 2003016751 44611 9284
0b000601 0b000301 10003 100 118072 2002994506 78821 18222
0b000701 0b000c01 10002 100 889 2003034529 45265 8394
0b000601 0b000101 10001 100 32680 2002809087 270796 11061
0b001601 0b001501 10001 100 58711 2003061445 20040 9083
0b000601 0b000401 10001 100 52891 2002962899 118760 8594
0b001701 0b001501 10002 100 62423 2003067666 28961 9395
0b001a01 0b001201 10001 100 150 2003023221 85754 8335
0b000f01 0b000201 10000 100 60969 2003047995 62789 13431
0b000601 0b000d01 10001 100 782730 2002723276 392853 73945
0b000201 0b000901 10000 100 57708 2003104569 20092 13159
0b000901 0b000d01 10003 100 175367 2002820724 306553 23025
0b000d01 0b000501 10003 100 1459934 2002804274 323353 130721
0b000b01 0b000c01 10001 100 1284534 2002768354 360261 116017
0b001d01 0b001501 10001 100 1055240 2001893632 1235112 96794
0b001001 0b001901 10000 100 968446 2001696901 1437106 89516
0b000d01 0b000301 10000 100 79521 2003073372 67816 14988
0b001001 0b001501 10001 100 1651731 2001549203 1593710 146802
0b000f01 0b000a01 10000 100 29940 2003109718 38900 10830
0b000a01 0b000901 10002 100 6547 2003143737 5277 4710
0b000f01 0b000d01 10001 100 41274 2003127109 22641 7623
0b000b01 0b000e01 10003 100 149802 2002600698 557352 20880
0b001b01 0b001801 10000 100 9594284 2001464964 1698450 808547
0b001e01 0b001101 10001 100 43628 2003136222 29121 11979
0b001101 0b001601 10001 100 17229 2003150822 21604 9767
0b000101 0b000c01 10002 100 918808 2002627772 546120 85353
0b001801 0b001101 10002 100 36531 2003070462 114841 11384
0b001e01 0b001101 10000 100 8500 2003110858 77987 9034
0b001401 0b001a01 10001 100 3383 2003177575 12941 8606
0b001701 0b001101 10001 100 55494 2003122224 69104 12974
0b000801 0b000301 10002 100 138404 2003155738 41243 19926
0b000701 0b000601 10000 100 35959 2003190104 9060 7174
0b000601 0b000501 10002 100 192233 2003113669 91111 20279
0b001d01 0b001001 10001 100 2203590 2001603080 1605652 193070
0b001101 0b001801 10000 100 4152886 2001297252 1912887 356498
0b000a01 0b000401 10001 100 299483 2003143697 66750 33430
0b000201 0b000301 10002 100 37302 2003192692 21743 7290
0b001c01 0b001801 10000 100 196026 2003156848 60709 24758
0b000901 0b000401 10002 100 1042 2003204867 15623 8411
0b001401 0b001601 10002 100 4194982 2002571597 649129 355867
0b001d01 0b001c01 10000 100 24818 2003212146 12809 6241
0b001901 0b001501 10000 100 23677 2003218298 12131 10306
0b001801 0b001201 10002 100 21201 2003213875 19969 10100
0b000101 0b000c01 10003 100 2496 2002990871 243820 8531
0b000201 0b000f01 10000 100 4538 2003185433 56305 8702
0b001701 0b001901 10000 100 59989 2003211605 35990 13349
0b001801 0b001d01 10000 100 835927 2003037092 211842 78404
0b000501 0b000b01 10001 100 20564 2003228646 31228 10045
0b000701 0b000b01 10002 100 47089 2003233584 30752 12271
0b000701 0b000101 10000 100 70958 2003014604 253286 14269
0b000c01 0b000b01 10002 100 1219584 2003006066 272147 110571
0b000501 0b000d01 10001 100 31588 2003280321 14339 10969
0b001401 0b001001 10001 100 76716 2003073897 224237 14752
0b000101 0b000a01 10002 100 205518 2003039633 263619 25552
0b001c01 0b001901 10001 100 26466 2003292432 11881 10540
0b001b01 0b001501 10000 100 9974 2003254157 57021 9156
0b001001 0b001c01 10002 100 2182636 2002450075 864698 191313
0b000101 0b000c01 10004 100 624 2003041813 274729 8373
0b001201 0b001301 10002 100 42864 2003271928 47044 7754
0b000401 0b000c01 10002 100 331505 2003114765 209180 36115
0b001c01 0b001d01 10001 100 57119 2003318576 18622 8952
0b001301 0b001001 10001 100 25001 2003334517 17120 6259
0b001c01 0b001801 10001 100 406 2003331091 28428 8356
0b000801 0b000e01 10001 100 67643 2002832082 533187 13992
0b001401 0b001001 10002 100 81397 2003338759 32512 15146
0b001a01 0b001e01 10002 100 3053 2003373566 8824 8579
0b001801 0b001301 10000 100 72441 2003352312 45831 14395
0b000f01 0b000a01 10002 100 26571 2003337802 61907 10549
0b001a01 0b001301 10001 100 1862 2003391531 8810 8476
0b000f01 0b000a01 10003 100 83 2003402948 8289 8330
0b000001 0b000b01 10001 100 93323 2003341430 72461 16146
0b001401 0b001301 10001 100 74598 2003336699 78307 14575
0b000a01 0b000201 10002 100 784166 2003198205 227676 74067
0b001901 0b001801 10002 100 2872 2003409110 19354 4401
0b001401 0b001301 10002 100 39378 2003428702 18913 11623
0b001f01 0b001801 10000 100 193607 2002812209 643872 24553
0b000a01 0b000401 10002 100 23211 2003368948 88548 10269
0b001e01 0b001501 10001 100 48790 2003409773 54293 12411
0b001001 0b001701 10001 100 683724 2003120335 344120 65644
0b000f01 0b000501 10001 100 66883 2003452207 20024 13927
0b000701 0b000e01 10002 100 872343 2002832837 643140 81459
0b001601 0b001b01 10000 100 3236386 2001204018 2278625 279660
0b000101 0b000c01 10005 100 27079 2003180471 307748 10593
0b000d01 0b000c01 10000 100 3873811 2001688252 1806532 328941
0b001001 0b001701 10000 100 1147886 2003068174 427089 104559
0b001301 0b001c01 10001 100 29068 2003437525 60338 10760
0b000e01 0b000801 10002 100 76160 2002959859 546187 14708
0b001b01 0b001801 10001 100 1217945 2003308768 203945 106272
0b000e01 0b000f01 10000 100 40562 2003023048 493403 7562
0b000401 0b000d01 10001 100 2732 2003387425 132096 8550
0b000e01 0b000401 10000 100 2795238 2001162272 2359268 242675
0b000701 0b000401 10002 100 42213 2003501749 20265 7702
0b000e01 0b000601 10002 100 52841 2003045446 476753 12750
0b000e01 0b000b01 10003 100 173337 2003006963 518444 22855
0b000501 0b000e01 10000 100 20856 2003087123 441643 10069
0b000201 0b000301 10001 100 6338013 2002790631 743830 535542
0b000401 0b000a01 10002 100 69329 2003456379 80326 14135
0b000901 0b000e01 10001 100 74339 2003106868 430342 14555
0b000e01 0b000201 10000 100 1315099 2002715905 825372 118581
0b000a01 0b000f01 10000 100 20563 2003466383 76716 10045
0b000e01 0b000601 10003 100 37406 2003315628 233932 11458
0b001201 0b001001 10001 100 40880 2003510953 43056 7587
0b000301 0b000401 10002 100 31500 2003422292 134499 10962
0b000801 0b000f01 10000 100 67364 2003562325 18540 13970
0b001901 0b001701 10000 100 20963 2003584211 11400 10077
0b000c01 0b000701 10001 100 3801341 2001510963 2085422 327026
0b000101 0b000a01 10003 100 368276 2003293209 308205 39199
0b001b01 0b001501 10001 100 14282 2003542858 67736 9520
0b000e01 0b000801 10003 100 80470 2003494883 117886 15068
0b000901 0b000101 10001 100 40215 2003336013 276797 11694
0b000101 0b000a01 10001 100 1806025 2001898633 1716636 159740
0b001f01 0b001d01 10002 100 40835 2003139309 486826 7584
0b001d01 0b001e01 10002 100 5732 2003568646 60648 4641
0b001f01 0b001001 10000 100 48280 2002968361 667941 12370
0b001c01 0b001a01 10001 100 536934 2003498281 142336 53336
0b001a01 0b001601 10000 100 9874 2003594636 56285 9148
0b001501 0b001c01 10000 100 23919 2003537312 118144 10325
0b000b01 0b000e01 10004 100 324153 2003437137 219339 35500
0b000901 0b000a01 10003 100 8220 2003650284 12729 4852
0b000701 0b000901 10001 100 1178317 2002203289 1470098 107112
0b000201 0b000801 10001 100 5869 2003543307 130746 8812
0b000001 0b000601 10000 100 4209458 2001842990 1834145 361243
0b001501 0b001901 10000 100 61150 2003594757 82958 13450
0b000d01 0b000801 10000 100 25252 2003669422 19478 10440
0b001901 0b001c01 10000 100 798198 2002469104 1221501 75244
0b001d01 0b001f01 10000 100 32460 2003147225 547067 6883
0b000001 0b000501 10000 100 71543 2003647684 48845 14319
0b000901 0b000101 10002 100 5583 2003419974 286748 8789
0b001301 0b001e01 10000 100 7497 2003690284 18968 8950
0b001f01 0b001901 10000 100 70476 2003325057 389164 14230
0b000701 0b000601 10001 100 33894 2003657338 64413 7002
0b000401 0b000701 10000 100 9958653 2001854042 1870083 839094
0b000301 0b000901 10001 100 23502 2003667581 59786 10292
0b000301 0b000b01 10002 100 469529 2003532950 205874 47687
0b000301 0b000601 10002 100 3905 2003637792 115592 8647
0b000201 0b000e01 10002 100 1347308 2003548270 211477 121280
0b000101 0b000e01 10000 100 2756075 2002367613 1392369 239392
0b000601 0b000c01 10002 100 5092 2003731493 35593 8750
0b000301 0b000a01 10000 100 53522 2003658696 108973 12809
0b001b01 0b001601 10002 100 762030 2003535115 235114 72212
0b000201 0b000d01 10002 100 72334 2003725057 46955 14387
0b000701 0b000901 10000 100 2844900 2001551506 2220630 246836
0b000f01 0b000501 10002 100 13172 2003722683 51288 9427
0b001801 0b001b01 10000 100 1213440 2003460657 316860 105896
0b000c01 0b000b01 10003 100 2033554 2003180527 601573 178814
0b000d01 0b000301 10001 100 74866 2003676594 109694 14597
0b001401 0b001a01 10000 100 3773561 2002026453 1763020 324697
0b001d01 0b001201 10001 100 1731431 2002275588 1516073 153485
0b000f01 0b000801 10001 100 28201 2003684156 108019 10687
0b001401 0b001601 10003 100 42098 2003662220 138853 7692
0b000401 0b000101 10002 100 75018 2003465407 337160 14613
0b000f01 0b000601 10000 100 789 2003778019 24951 8386
0b000b01 0b000501 10001 100 74137 2003695962 107335 14538
0b000301 0b000a01 10001 100 4522 2003738665 69953 8700
0b000b01 0b000d01 10002 100 59729 2003647567 161724 13328
0b000201 0b000c01 10000 100 4430 2003779274 47722 8693
0b001f01 0b001401 10000 100 5956 2003486726 340496 8819
0b000e01 0b000c01 10001 100 53106 2003811643 18326 8615
0b001201 0b001b01 10001 100 53403 2003702672 128474 12799
0b001601 0b001701 10001 100 79226 2003818944 12670 10805
0b001901 0b001101 10002 100 32331 2003740681 93170 11033
0b000401 0b000b01 10000 100 2862659 2001104493 2734747 248326
0b001c01 0b001e01 10002 100 1745 2003817698 22980 4307
0b001e01 0b001401 10001 100 175093 2003605240 239270 23003
0b001e01 0b001901 10002 100 54766 2003794431 51703 12912
0b000001 0b000201 10003 100 27044 2003819548 35181 6431
0b000a01 0b000f01 10001 100 42113 2003717890 138679 11854
0b000b01 0b000201 10002 100 5226 2003790774 67123 8761
0b001f01 0b001601 10001 100 13479 2003556831 302386 9452
0b001d01 0b001001 10003 100 2881 2003727404 132845 8562
0b000201 0b000901 10001 100 36371 2003839528 20843 11371
0b001801 0b001401 10002 100 33781 2003727140 135201 11153
0b000001 0b000801 10001 100 2370 2003798179 71593 8521
0b001001 0b001f01 10001 100 8306 2003542610 332589 9019
0b000f01 0b000401 10000 100 38756 2003819984 55219 11570
0b001601 0b001401 10001 100 4190 2003791238 88809 4514
0b001f01 0b001b01 10001 100 25173 2003494633 390665 10433
0b000a01 0b000201 10003 100 4966 2003879291 10344 8736
0b000f01 0b000801 10002 100 20776 2003889334 21169 10062
0b000b01 0b000d01 10000 100 3663345 2001573640 2348891 315457
0b001401 0b001d01 10002 100 708359 2003551095 374639 67711
0b001401 0b001e01 10000 100 24531 2003818265 107647 10378
0b001401 0b001c01 10000 100 182499 2003791987 136523 23622
0b001401 0b001001 10003 100 9295 2003868778 76724 9102
0b000f01 0b000301 10000 100 1199 2003929761 16191 8423
0b000301 0b000701 10001 100 21242 2003920012 26170 10103
0b000e01 0b000101 10003 100 499954 2003370359 578185 50236
0b001001 0b001e01 10000 100 547590 2002360717 1589389 54231
0b001301 0b001a01 10000 100 148860 2003811672 157462 20800
0b001301 0b001401 10003 100 15243 2003850914 122522 9600
0b001f01 0b001e01 10002 100 554126 2003349673 630998 50621
0b001d01 0b001901 10003 100 172869 2003785650 201817 22813
0b001d01 0b001e01 10003 100 44760 2003929352 61416 7913
0b000a01 0b000901 10003 100 7768 2003969938 21116 4812
0b001201 0b001c01 10002 100 39030 2003870860 122045 11596
0b001d01 0b001301 10002 100 213027 2003780386 216323 26183
0b000f01 0b000101 10004 100 23377 2003799814 219303 10282
0b001f01 0b001901 10001 100 6139 2003762345 259480 8838
0b000501 0b000101 10002 100 134326 2003784503 238378 19584
0b001f01 0b001501 10001 100 1518868 2002896677 1130957 135662
0b001b01 0b001f01 10002 100 52762 2003780324 250422 12744
0b001c01 0b001f01 10000 100 1419 2003905038 137739 4281
0b001901 0b001f01 10002 100 2068 2003905955 139888 8496
0b000701 0b000d01 10000 100 3653910 2000960576 3088614 314664
0b001f01 0b001b01 10002 100 79780 2003880006 172654 15009
0b001c01 0b001301 10001 100 13593 2003932931 120499 9461
0b001701 0b001a01 10002 100 1561622 2003213219 845836 139247
0b001e01 0b001a01 10000 100 1522669 2002688130 1380656 135981
0b000f01 0b000c01 10000 100 54079 2004066582 13989 8697
0b000601 0b000c01 10000 100 4786956 2001776249 2314295 409658
0b001701 0b001101 10000 100 1343780 2002354711 1736703 120983
0b001301 0b001f01 10000 100 31630 2003740082 357827 10973
0b001d01 0b001c01 10001 100 1883 2004090945 7067 4318
0b000b01 0b000101 10000 100 6609 2003894020 214453 8875
0b001801 0b001e01 10003 100 6561 2004026737 82585 8871
0b000601 0b000501 10003 100 58538 2004051279 60725 9069
0b000701 0b000501 10003 100 85035 2004055460 81033 11293
0b000501 0b000f01 10001 100 2823 2004078114 59132 8557
0b001001 0b001f01 10002 100 41456 2004146533 16754 11797
0b000501 0b000101 10003 100 67813 2003970580 202460 14006
0b000a01 0b000d01 10001 100 26946 2004018783 155081 10579
0b000301 0b000b01 10003 100 34059 2004168260 12413 11179
0b001601 0b001f01 10000 100 9736 2004140166 45979 9137
0b000201 0b000601 10000 100 9655 2004186079 10436 9130
0b001401 0b001c01 10001 100 60986 2004057475 140767 13433
0b000d01 0b000701 10000 100 4736704 2002396308 1807370 405446
0b000301 0b000b01 10004 100 2643 2004194068 11641 8542
0b000701 0b000601 10002 100 21138 2004199137 16570 5935
0b000d01 0b000501 10004 100 28277 2004081665 137709 10693
0b001401 0b001e01 10001 100 53537 2004125757 94882 12810
0b000d01 0b000f01 10000 100 9478 2004121275 104508 4956
0b000101 0b000e01 10001 100 6457 2004146144 83664 8863
0b001f01 0b001701 10001 100 39076 2004112901 121729 11599
0b001101 0b001d01 10000 100 3896 2003996319 243437 8647
0b000101 0b000f01 10002 100 666992 2003934325 308230 64240
0b000c01 0b000d01 10001 100 1174651 2002809886 1435225 102644
0b000101 0b000a01 10005 100 1446 2004156431 88927 8443
0b000101 0b000701 10001 100 22759 2004220341 36863 10229
0b001601 0b001c01 10001 100 39557 2004171873 90232 11638
0b001e01 0b001f01 10002 100 73922 2004250863 12552 10357
0b001801 0b001101 10003 100 875063 2003887902 376737 81688
0b001e01 0b001001 10002 100 9129 2004122080 148678 9088
0b001601 0b001a01 10000 100 25335 2004255495 16002 10446
0b001001 0b001301 10001 100 2484982 2003582316 691633 212500
0b001e01 0b001b01 10001 100 14379 2004166957 108153 9527
0b000001 0b000901 10000 100 266770 2004225389 52360 30686
0b001201 0b001301 10003 100 8282 2004268007 12731 4857
0b001401 0b001301 10003 100 40517 2004227887 53643 11718
0b000d01 0b000901 10000 100 4135136 2000905413 3382592 355013
0b001701 0b001301 10002 100 1319492 2003705232 585858 118948
0b001901 0b001d01 10000 100 731845 2004018466 274699 69678
0b000a01 0b000201 10004 100 318946 2004159390 135477 35060
0b001b01 0b001101 10002 100 74584 2004121758 174439 14574
0b001401 0b001101 10001 100 23522 2004062371 239250 10293
0b000901 0b000d01 10002 100 3300046 2002539461 1767627 284999
0b001601 0b001101 10001 100 2129569 2002583841 1727343 186864
0b000401 0b000b01 10003 100 7165 2004038734 272557 8923
0b001401 0b001901 10000 100 2782710 2002657723 1654273 241623
0b000401 0b000c01 10000 100 2671360 2001938845 2377681 232289
0b001401 0b001901 10002 100 16772 2004236140 84119 9727
0b000701 0b000401 10003 100 63802 2004059835 274012 9509
0b000301 0b000501 10001 100 71100 2004256697 80799 14284
0b000e01 0b000901 10002 100 165104 2004249209 101543 22165
0b001901 0b001201 10003 100 15947 2004312961 40788 9657
0b000c01 0b000b01 10004 100 240083 2004236085 121522 28452
0b001b01 0b001a01 10000 100 642747 2004132833 236997 58048
0b001901 0b001d01 10001 100 79264 2004277827 92851 14968
0b001e01 0b001c01 10001 100 2250 2004366454 4495 4351
0b000b01 0b000f01 10002 100 10768 2004324598 54068 9223
0b001901 0b001401 10003 100 92926 2004316372 72251 16111
0b001401 0b001601 10004 100 46928 2004375285 21051 8094
0b000901 0b000501 10000 100 1126908 2003046186 1354787 102800
0b000001 0b000701 10001 100 177204 2004330019 72018 23179
0b000801 0b000b01 10000 100 1011796 2004226458 177854 88989
0b000701 0b000501 10004 100 9414 2004316833 91650 4951
0b000e01 0b000b01 10004 100 15961 2004325547 89993 9658
0b000b01 0b000f01 10001 100 74188 2004317118 99744 14543
0b000d01 0b000501 10005 100 63669 2004302558 114455 13659
0b000901 0b000101 10003 100 21575 2004303366 116700 10130
0b000701 0b000301 10002 100 27263 2004385375 35292 10608
0b001e01 0b001a01 10001 100 298989 2004142836 279905 33387
0b000101 0b000901 10000 100 52928 2004304724 126428 12757
0b000801 0b000001 10002 100 27246 2004318228 116976 10607
0b001a01 0b001301 10002 100 341553 2004220833 223552 36957
0b001301 0b001601 10002 100 159014 2004336760 114537 21655
0b001501 0b001001 10003 100 9175 2004098908 356400 9092
0b001c01 0b001901 10002 100 11034 2004442136 16757 9248
0b000301 0b000001 10002 100 941068 2003398906 1061253 83062
0b001b01 0b001101 10001 100 1201741 2002607892 1857247 109074
0b000301 0b000101 10000 100 1488465 2004314921 151576 128954
0b001501 0b001201 10000 100 48765 2003996824 470149 12409
0b001401 0b001501 10003 100 75623 2004119666 358090 10501
0b001501 0b001f01 10002 100 23739 2003998080 487366 10311
0b001801 0b001201 10003 100 53102 2004386525 104020 12775
0b000b01 0b000a01 10001 100 38615 2004435854 56585 7398
0b001001 0b001801 10001 100 25400 2004378673 114997 10451
0b001801 0b001101 10001 100 1296787 2002895885 1601032 117043
0b000d01 0b000f01 10001 100 3781 2004493694 4659 4477
0b001801 0b001001 10002 100 64821 2004376070 125331 13755
0b001501 0b001001 10002 100 2133923 2002708836 1792586 187228
0b001901 0b001b01 10002 100 2371559 2003233922 1273193 202993
0b001901 0b001101 10003 100 29163 2004293870 226119 10768
0b001501 0b001301 10001 100 66488 2004219254 303811 13896
0b000b01 0b000e01 10005 100 45995 2004432899 92922 12176
0b001901 0b001501 10001 100 3296 2004356194 172454 8599
0b001801 0b001301 10001 100 16316 2004415311 131139 9690
0b001b01 0b001a01 10002 100 5943 2004545813 6644 4658
0b001b01 0b001c01 10001 100 1675882 2004063578 489605 148826
0b000901 0b000a01 10004 100 155070 2004491720 61646 17164
0b000601 0b000b01 10001 100 297201 2004481235 78549 33240
0b000101 0b000301 10001 100 673139 2004484474 78287 60599
0b000b01 0b000a01 10002 100 49109 2004551615 14530 8280
0b000001 0b000901 10001 100 16602 2004544731 25998 9713
0b000301 0b000401 10003 100 57042 2004267773 310434 13106
0b001f01 0b001e01 10003 100 1118230 2004352873 246434 97915
0b000001 0b000301 10000 100 26562 2004587917 13445 6388
0b000e01 0b000901 10001 100 2673414 2002496214 2112009 232461
0b000501 0b000901 10001 100 32815 2004571927 40355 11071
0b000001 0b000201 10002 100 2677426 2002502698 2113380 228637
0b000601 0b000c01 10003 100 47053 2004528636 88468 12268
0b000b01 0b000401 10000 100 1852493 2003026048 1599901 163634
0b001b01 0b001601 10003 100 22284 2004616904 17668 10191
0b000d01 0b000901 10001 100 57684 2004609115 30146 13157
0b001501 0b001101 10003 100 74323 2004386269 258845 14553
0b001a01 0b001201 10003 100 22268 2004615606 30531 10189
0b000d01 0b000401 10001 100 1104203 2004053658 592489 100899
0b000401 0b000301 10001 100 8135 2004362258 285272 9005
0b000f01 0b000601 10001 100 539307 2004551408 116205 53538
0b000e01 0b000401 10001 100 36528 2004341133 329123 11384
0b000d01 0b000601 10003 100 32628 2004607672 68923 11056
0b000c01 0b000e01 10002 100 22517 2004612902 67367 6049
0b000901 0b000501 10001 100 53826 2004660390 39722 12833
0b000e01 0b000c01 10002 100 12816 2004617472 85699 5235
0b000901 0b000801 10001 100 1976026 2004305212 401281 169833
0b000401 0b000801 10002 100 3890 2004481691 238480 8646
0b000a01 0b000401 10003 100 69144 2004400787 320709 14120
0b000101 0b000a01 10006 100 56389 2004669862 56209 13050
0b001201 0b001401 10000 100 79050 2004674740 57846 14951
0b001101 0b001401 10002 100 15627 2004717045 16753 9631
0b000c01 0b000401 10001 100 23605 2004509633 229332 10300
0b001601 0b001401 10000 100 779194 2003586172 1154954 69490
0b001f01 0b001d01 10003 100 9085 2004734462 6726 4925
0b000201 0b000101 10003 100 1825 2004643934 99386 4313
0b000401 0b000d01 10003 100 506 2004548429 203946 8364
0b001301 0b001801 10000 100 9588 2004657416 95104 9125
0b000401 0b000501 10002 100 97775 2004503103 250162 12358
0b001501 0b001d01 10001 100 1366750 2003384338 1372248 122909
0b000201 0b000801 10002 100 8111 2004609665 147899 9003
0b001901 0b001001 10000 100 2998889 2002981581 1778553 259747
0b001801 0b001701 10002 100 21309 2004749094 12089 10109
0b001001 0b001801 10002 100 29708 2004645750 118398 10811
0b000401 0b000d01 10004 100 24987 2004559421 205126 10414
0b000701 0b000301 10003 100 7663 2004687833 82379 8963
0b001301 0b001a01 10001 100 97945 2004520721 263338 16531
0b001801 0b001a01 10002 100 43546 2004774360 10711 7812
0b000e01 0b000601 10004 100 63701 2004646275 141872 13661
0b001a01 0b001401 10000 100 952756 2003545481 1249343 88200
0b001a01 0b001201 10004 100 72449 2004708590 90185 14396
0b000a01 0b000301 10000 100 1382608 2003419685 1379267 124239
0b000501 0b000301 10000 100 993815 2003573852 1235770 91642
0b000401 0b000b01 10004 100 893187 2004310918 502789 83207
0b000a01 0b000901 10001 100 7119078 2001767162 3077423 601027
0b000201 0b000e01 10001 100 1425251 2002140015 2714583 127815
0b001b01 0b001201 10000 100 169524 2004700446 156531 22534
0b001801 0b001701 10001 100 4860863 2002763025 2104880 415855
0b000301 0b000601 10003 100 30520 2004694424 173605 10880
0b001801 0b001101 10004 100 122668 2004683739 185212 18605
0b000701 0b000501 10001 100 2912247 2002996319 1882739 248325
0b000201 0b000301 10003 100 1205351 2004593880 286332 105219
0b001101 0b001c01 10000 100 1458746 2003392582 1504425 130622
0b001c01 0b001001 10003 100 1375567 2004470061 446911 123649
0b001301 0b001201 10001 100 1768073 2004486454 434485 152398
0b001201 0b001901 10000 100 1175184 2003323550 1640661 106850
0b000001 0b000c01 10001 100 25486 2004755977 222154 10458
0b000801 0b000f01 10001 100 1429403 2004725910 268830 128163
0b000401 0b000f01 10000 100 928583 2004615691 387632 86174
0b000801 0b000201 10000 100 5779219 2001489918 3529645 492852
0b000501 0b000101 10004 100 217622 2004740715 284765 26566
0b001e01 0b001f01 10001 100 1222524 2001871808 3168501 106658
0b000f01 0b000a01 10001 100 1064356 2003171999 1901886 97558
0b000101 0b000601 10000 100 28126 2004679395 396108 10681
0b001701 0b001d01 10000 100 564737 2003597348 1498523 55668
0b001401 0b001d01 10001 100 1918280 2002643926 2463629 169151
0b000001 0b000601 10001 100 1939143 2003203259 1917174 170901
0b000c01 0b000e01 10001 100 2386097 2002006320 3120798 204213
0b001f01 0b001601 10000 100 4310334 2002253610 2899540 369700
0b000701 0b000101 10001 100 71906 2004786327 378133 14348
0b001f01 0b001d01 10001 100 5885987 2002109587 3070279 497641
0b001301 0b001601 10001 100 3851525 2003307777 1907990 331233
0b000201 0b000d01 10003 100 1487751 2003758552 1465361 133054
0b001201 0b001e01 10003 100 1506908 2003536485 1761101 134659
0b001201 0b001f01 10001 100 3840756 2002673536 2634212 330329
0b000101 0b000201 10002 100 2444627 2003340725 1996905 209118
0b001d01 0b001601 10000 100 5664468 2001736492 3665049 483231
0b000201 0b000101 10001 100 2367394 2003709603 1704509 202644
0b000c01 0b000901 10001 100 1893972 2003545903 1869257 167110
0b001a01 0b001501 10001 100 431381 2003427097 1994676 44489
0b001701 0b001301 10001 100 3302382 2003076323 2349003 285194
0b000501 0b000901 10000 100 1954646 2003847954 1618751 172198
0b001b01 0b001f01 10001 100 1847292 2002585953 2896786 163199
0b000e01 0b000101 10000 100 2912428 2002754739 2743271 252500
0b000401 0b000d01 10002 100 1801714 2003857405 1655181 159376
0b001601 0b001101 10003 100 1723838 2003668820 1854573 152847
0b001101 0b001f01 10000 100 3727369 2002436565 3114859 320825
0b000801 0b000101 10001 100 1890972 2002420034 3140237 166859
0b001401 0b001501 10002 100 1509149 2003760242 1818837 130690
0b000f01 0b000001 10000 100 3338974 2002222880 3374939 288259
0b001701 0b001a01 10001 100 1790906 2002552146 3046632 158469
0b001201 0b001c01 10000 100 6416863 2000724954 4874425 546310
0b000b01 0b000c01 10002 100 869738 2004330234 1269947 81239
0b000d01 0b000b01 10001 100 2033063 2003747285 1856982 178775
0b000301 0b000d01 10001 100 2735699 2003876036 1737096 237682
0b001601 0b001501 10000 100 1037060 2002791017 2838074 91110
0b000501 0b000c01 10003 100 1296392 2004359631 1275041 117011
0b001201 0b001701 10001 100 1712205 2003970439 1684101 151874
0b000001 0b000a01 10001 100 1801605 2004279232 1383317 159368
0b001f01 0b001a01 10002 100 6787816 2002105472 3567782 577411
0b000c01 0b000b01 10001 100 3046781 2002366681 3345608 263762
0b000a01 0b000401 10000 100 3808431 2001601727 4123526 327621
0b001201 0b001101 10002 100 1155905 2004191146 1546522 101071
0b001801 0b001601 10001 100 3050810 2003589669 2150062 264100
0b001001 0b001901 10001 100 2022323 2004105292 1684211 177874
0b000701 0b000301 10001 100 3848084 2002232833 3586385 330946
0b001a01 0b001d01 10001 100 4683414 2001998470 3857617 400979
0b001b01 0b001501 10002 100 997399 2003810574 2047095 91944
0b001f01 0b001b01 10000 100 2921136 2002786986 3087719 253231
0b000101 0b000f01 10003 100 1820434 2004121118 1764715 160947
0b000601 0b000201 10001 100 1385340 2003943164 1946097 124469
0b000501 0b000d01 10002 100 1636639 2004519059 1378780 145537
0b001a01 0b001d01 10000 100 9341769 2001673128 4289488 791534
0b001301 0b001401 10002 100 5486455 2002733731 3297320 468306
0b000301 0b000b01 10000 100 4313195 2002384927 3657720 369941
0b001201 0b001601 10001 100 2254963 2004038803 2035903 197376
0b001b01 0b001401 10002 100 1876180 2004543272 1658146 165622
0b001801 0b001401 10001 100 2836230 2002696632 3533151 246112
0b001801 0b001f01 10001 100 1897016 2002295945 3968546 167369
0b000501 0b000001 10002 100 1588650 2004715507 1586091 141513
0b000401 0b000601 10000 100 1056190 2004765126 1556548 92714
0b001201 0b001a01 10001 100 2606331 2004377108 1947478 226837
0b000701 0b000e01 10001 100 6147626 2002491045 3857771 523738
0b001b01 0b001a01 10001 100 4082269 2004258608 2101780 346420
0b000701 0b000c01 10003 100 3592676 2003849171 2516098 309531
0b000e01 0b000f01 10001 100 9440488 2003107061 3291638 795652
0b001a01 0b001c01 10000 100 4330714 2002101119 4379365 371408
0b000901 0b000e01 10000 100 6758096 2001905466 4582821 574922
0b001701 0b001b01 10000 100 9457047 2001681055 4858327 801202
0b000401 0b000d01 10005 100 3478726 2004632604 1907962 299977
0b000d01 0b000e01 10001 100 8623358 2001168042 5415801 727144
0b000c01 0b000101 10001 100 1524481 2003950254 2718075 136134
0b000201 0b000101 10002 100 1529427 2004111074 2588508 132389
0b000b01 0b000301 10002 100 1879313 2004242517 2488109 165884
0b001201 0b001a01 10000 100 4494939 2004324093 2457983 385175
0b000e01 0b000701 10001 100 1568490 2004050510 2753294 139824
0b000701 0b000901 10002 100 7096132 2003469126 3371668 603263
0b001b01 0b001701 10000 100 7703795 2003355575 3501682 654206
0b000401 0b000a01 10000 100 7507194 2002550676 4350828 637726
0b000e01 0b000901 10000 100 7685782 2002006199 4899754 652696
0b001101 0b001f01 10001 100 2347164 2003837823 3129726 205109
0b000801 0b000c01 10000 100 2090520 2004228138 2739820 183591
0b001601 0b001501 10002 100 1991990 2003907998 3090813 171168
0b001601 0b001501 10003 100 3288892 2004510182 2527812 279901
0b001201 0b001501 10001 100 2326905 2003275202 3834924 203408
0b001e01 0b001201 10001 100 7603965 2003205809 3911373 645836
0b001501 0b001401 10001 100 8963329 2002399352 4734363 755648
0b001501 0b001f01 10001 100 2998163 2000991168 6184808 259689
0b001d01 0b001301 10003 100 2595131 2004561079 2767138 225899
0b000501 0b000401 10001 100 3539389 2002031371 5390522 300904
0b001001 0b001401 10001 100 3610147 2003726553 3708885 310998
0b001e01 0b001b01 10002 100 3426992 2004489870 2945859 295639
0b001b01 0b001d01 10000 100 4789355 2004106457 3392754 409862
0b001301 0b001101 10001 100 6489789 2003382465 4133484 548264
0b001901 0b001e01 10002 100 4905119 2003666853 3860103 419568
0b000b01 0b000001 10001 100 3936315 2004635589 2893305 338343
0b001c01 0b001701 10002 100 4773988 2003868832 3675045 408571
0b000901 0b000701 10002 100 2575559 2004137651 3463757 224256
0b001301 0b001101 10002 100 4311607 2004420554 3188371 365646
0b001501 0b001801 10000 100 4291987 2003957478 3699389 368160
0b001f01 0b001101 10001 100 2916698 2004663648 3024103 252857
0b001f01 0b001801 10002 100 4232369 2004286727 3429155 363164
0b001901 0b001e01 10003 100 5944213 2004121398 3606901 506685
0b001d01 0b001a01 10000 100 5955353 2003963049 3812179 507619
0b000401 0b000701 10001 100 9773680 2003789054 3999661 823586
0b001201 0b001b01 10002 100 7764981 2004106514 3759902 659336
0b001c01 0b001001 10002 100 8744609 2003295393 4622889 741469
0b000001 0b000601 10002 100 4413506 2004539820 3384669 378350
0b001501 0b001301 10000 100 14207849 2000836774 7115582 1199506
0b001801 0b001501 10001 100 3489498 2002431324 5541042 300881
0b000701 0b000001 10001 100 2078969 2004655752 3317195 182620
0b001c01 0b001901 10003 100 3729131 2004649113 3351626 320973
0b001d01 0b001001 10002 100 5356240 2001822242 6179037 457390
0b001201 0b001e01 10000 100 8676908 2001509244 6492606 735792
0b001701 0b001001 10003 100 8028774 2002245051 5856240 681453
0b001301 0b001701 10004 100 10800571 2003677322 4438552 913841
0b000401 0b000101 10001 100 1379919 2002531621 5663238 124012
0b000101 0b000701 10000 100 6676634 2004062998 4131963 568090
0b001301 0b001f01 10001 100 8174727 2003906434 4457419 693690
0b001901 0b001801 10003 100 3709465 2004429218 3997436 315163
0b000701 0b000501 10002 100 9372300 2003893147 4576464 789936
0b000f01 0b000101 10003 100 4155705 2003044318 5450985 356735
0b001c01 0b001801 10002 100 5379407 2003641100 4926665 459331
0b000401 0b000301 10000 100 2775877 2004335047 4291690 241050
0b000901 0b000401 10003 100 4450686 2004393906 4306812 381466
0b000301 0b000b01 10001 100 4443039 2003282393 5443212 380828
0b000801 0b000201 10002 100 9465818 2004446139 4308336 801934
0b001c01 0b001201 10001 100 5933085 2003706742 5058901 505753
0b001001 0b001401 10000 100 8968921 2003004955 5899788 760274
0b000201 0b000d01 10000 100 7575833 2000582451 8377268 643478
0b000101 0b000401 10000 100 4721915 2002463759 6506776 404205
0b001701 0b001001 10001 100 8951419 2001643603 7353706 758809
0b001b01 0b001c01 10000 100 9354747 2001293726 7717419 792622
0b001701 0b001f01 10001 100 8645992 2001879333 7167462 733200
0b000601 0b000401 10000 100 4304560 2002064713 6991312 365056
0b001901 0b001501 10002 100 3564616 2004657778 4404884 307178
0b001e01 0b001401 10000 100 7820376 2002402383 6671390 663982
0b000801 0b000401 10000 100 4848753 2001340342 7767610 414840
0b001d01 0b001501 10002 100 4491827 2003871172 5306795 384915
0b001201 0b001501 10002 100 5483805 2003716851 5525996 468082
0b000701 0b000b01 10001 100 5787743 2002359768 6913759 493565
0b001a01 0b001e01 10001 100 9377069 2002837443 6536650 794497
0b001e01 0b001801 10001 100 6072149 2004469344 4956806 517412
0b001401 0b001101 10000 100 11024055 2001535227 7974675 932580
0b000d01 0b000501 10002 100 18916376 2001862545 7776842 1594271
0b001f01 0b001801 10001 100 7413705 2003408944 6234580 629886
0b000301 0b000601 10001 100 9658221 2002923597 6773646 818068
0b000401 0b000101 10000 100 3509455 2002513008 7258953 302554
0b000101 0b000a01 10004 100 13880148 2003552165 6286099 1172034
0b001c01 0b001401 10000 100 22168047 2000512239 9336020 1866892
0b001001 0b001201 10000 100 21823998 2002102690 7756900 1833884
0b000f01 0b000101 10001 100 4185251 2001883144 7996471 359214
0b000901 0b000101 10000 100 4123750 2002726088 7159899 354056
0b000201 0b000401 10000 100 5963902 2000920845 9387381 508333
0b000d01 0b000101 10001 100 4858180 2003356907 7054627 415632
0b000e01 0b000101 10001 100 3474119 2003247379 7324729 299593
0b000d01 0b000401 10000 100 7739231 2002421999 8263474 657180
0b001501 0b001101 10000 100 15040466 2002485957 8324489 1269314
0b000c01 0b000101 10002 100 3450582 2004641090 6253740 297618
0b000001 0b000b01 10002 100 9846134 2004525643 6396352 833823
0b000601 0b000b01 10000 100 18007021 2001715839 9278494 1518032
0b000601 0b000f01 10000 100 7581543 2003542901 7526574 643958
0b000401 0b000201 10001 100 6037989 2003129298 8050028 514545
0b001001 0b001a01 10001 100 16602512 2003859110 7378329 1400276
0b001e01 0b001601 10000 100 25197042 2000845603 10395951 2120843
0b000701 0b000c01 10004 100 5669289 2004460955 6914016 483635
0b001d01 0b001b01 10001 100 26641128 2003389827 8337743 2241915
0b000d01 0b000001 10000 100 7231095 2003322744 8428941 614578
0b000501 0b000201 10001 100 9788119 2003252280 8749038 828959
0b000701 0b000401 10001 100 16280059 2003445018 8738144 1369083
0b000301 0b000601 10004 100 13753931 2004746937 7449888 1161449
0b001101 0b001501 10001 100 13066060 2001605925 10740545 1103782
0b000501 0b000101 10000 100 7782577 2002040213 10479033 660812
0b000b01 0b000201 10001 100 8909994 2002523323 10025281 755333
0b001a01 0b001201 10002 100 27059088 2003967068 9038349 2276957
0b000801 0b000d01 10000 100 19798344 2001827357 11376420 1668215
0b000401 0b000201 10002 100 8965487 2004678557 8565438 759988
0b000101 0b000c01 10006 100 21356711 2003361909 9913030 1798867
0b000101 0b000501 10000 100 21724099 2003606131 9812161 1829671
0b001801 0b001f01 10002 100 20062326 2003236166 10313877 1690348
0b000701 0b000d01 10002 100 9720354 2004551600 9094034 823276
0b000e01 0b000101 10002 100 8976547 2003302243 10798369 760915
0b000a01 0b000601 10000 100 22251656 2002108916 12250301 1873900
0b000901 0b000001 10001 100 21851782 2001619421 13025173 1840374
0b001701 0b001201 10000 100 24640472 2001818148 12903520 2074179
0b000b01 0b000e01 10002 100 23886901 2001917793 12817351 2010998
0b000c01 0b000501 10000 100 25286450 2000924082 14078963 2128338
0b001001 0b001f01 10000 100 23672013 2003376521 11918117 1992985
0b001801 0b001001 10001 100 29345811 2002461508 12953642 2468673
0b000b01 0b000301 10001 100 23806840 2003540373 11919490 2004286
0b001b01 0b001501 10003 100 27463052 2003911554 13112245 2310825
0b000601 0b000f01 10001 100 22405501 2004156429 14538272 1886799
0b000901 0b000601 10001 100 24501512 2001711482 19822665 2062528
0b000b01 0b000601 10000 100 25708815 2001559051 20607996 2163747
0b000c01 0b000401 10000 100 29212790 2001098626 32623882 2457521
Average intra_dc ratio: 8.57545254992368
