1192 
3 27 3 100 136360 2.000000232
9 8 3 100 74388 2.000005567
31 13 3 100 4653033 2.000006979
19 9 3 100 19516 2.000009582
26 23 3 100 8166 2.000014764
30 13 3 100 41854 2.000014885
24 30 3 100 3544 2.000021935
13 29 3 100 59815 2.000022344
17 4 3 100 1421027 2.000023319
10 27 3 100 2294814 2.000023344
29 0 3 100 1722821 2.000028655
24 20 3 100 7326 2.000041801
19 10 3 100 23785 2.000048090
20 27 3 100 64653 2.000052160
16 4 3 100 1853032 2.000064154
9 10 3 100 26376 2.000068216
4 21 3 100 137891 2.000074767
4 30 3 100 1448481 2.000074892
28 21 3 100 1074207 2.000080521
21 27 3 100 3875768 2.000081572
30 24 3 100 6752 2.000085728
9 29 3 100 23657 2.000087902
11 14 3 100 1725196 2.000088205
21 15 3 100 3466561 2.000088725
20 11 3 100 747 2.000088738
15 19 3 100 96061 2.000089477
25 27 3 100 9941 2.000095332
26 12 3 100 21267 2.000098504
27 6 3 100 568 2.000106237
18 16 3 100 78968 2.000111637
16 4 3 100 8133 2.000117502
31 0 3 100 21147 2.000119326
26 25 3 100 50937 2.000120521
5 15 3 100 5614 2.000132323
0 13 3 100 1358563 2.000133413
29 15 3 100 50451 2.000140566
28 4 3 100 32947 2.000142342
14 13 3 100 68860 2.000144408
8 16 3 100 1361064 2.000145402
13 5 3 100 202 2.000147400
16 0 3 100 47023 2.000147506
16 24 3 100 3181885 2.000148351
17 21 3 100 33911 2.000155794
29 18 3 100 56222 2.000157324
20 16 3 100 30171 2.000160668
16 28 3 100 2017875 2.000164917
8 21 3 100 1899811 2.000169364
14 29 3 100 400006 2.000169412
21 12 3 100 158887 2.000183406
30 2 3 100 17721 2.000187346
6 13 3 100 47011 2.000192093
27 15 3 100 458230 2.000194328
25 20 3 100 73608 2.000198123
14 6 3 100 39482 2.000202834
28 23 3 100 231508 2.000204905
23 0 3 100 55385 2.000206873
25 3 3 100 220564 2.000209256
20 19 3 100 20468 2.000213686
10 26 3 100 6184225 2.000214814
12 18 3 100 5969956 2.000219212
26 25 3 100 3062300 2.000220525
9 27 3 100 17275 2.000221101
13 24 3 100 985 2.000222887
0 14 3 100 8446 2.000226275
19 5 3 100 31966 2.000231414
31 5 3 100 1345903 2.000235754
26 0 3 100 104587 2.000237613
26 25 3 100 73741 2.000246242
4 16 3 100 189319 2.000249204
31 30 3 100 150852 2.000254166
27 0 3 100 666700 2.000255499
20 7 3 100 18713 2.000255998
12 13 3 100 3578738 2.000260408
15 5 3 100 142718 2.000262956
12 17 3 100 2733352 2.000263506
21 7 3 100 21501 2.000271474
11 27 3 100 48128 2.000274036
15 20 3 100 18478 2.000275937
12 14 3 100 50690 2.000283814
11 12 3 100 66612 2.000291857
21 31 3 100 3848 2.000293566
6 3 3 100 6214 2.000293957
18 19 3 100 168683 2.000295555
19 16 3 100 8717264 2.000296810
21 11 3 100 19674 2.000299701
20 10 3 100 33901 2.000304947
23 28 3 100 23978 2.000309917
2 31 3 100 723496 2.000312083
11 9 3 100 2410387 2.000314686
3 8 3 100 172732 2.000316844
16 3 3 100 26158 2.000324028
31 7 3 100 2272 2.000325605
20 21 3 100 9315 2.000332454
10 22 3 100 1923 2.000333404
1 3 3 100 1860382 2.000345799
20 12 3 100 23100 2.000355711
25 17 3 100 4476 2.000357906
1 21 3 100 19424083 2.000363123
20 3 3 100 13990459 2.000363380
30 25 3 100 57617 2.000366863
30 4 3 100 75641 2.000367376
14 24 3 100 3108407 2.000374028
29 16 3 100 789 2.000379563
28 16 3 100 128306 2.000386400
20 24 3 100 281309 2.000390209
28 13 3 100 20590 2.000391387
22 17 3 100 28921 2.000393693
6 24 3 100 21533707 2.000394293
15 18 3 100 7555056 2.000402477
3 4 3 100 632337 2.000402622
0 2 3 100 1446496 2.000404364
21 16 3 100 21007 2.000413338
7 31 3 100 20072 2.000415532
24 22 3 100 2852724 2.000415663
10 27 3 100 45477 2.000415727
27 2 3 100 1890883 2.000416261
5 17 3 100 39851 2.000416854
7 5 3 100 147967 2.000420489
8 28 3 100 162467 2.000425103
17 23 3 100 10050 2.000425458
30 27 3 100 1546517 2.000432789
26 10 3 100 4268214 2.000434916
5 18 3 100 23732 2.000436169
4 5 3 100 55468 2.000442319
4 28 3 100 1118139 2.000443381
16 6 3 100 44335 2.000452820
18 19 3 100 188192 2.000453583
14 13 3 100 4493 2.000455986
24 5 3 100 41878 2.000456534
2 27 3 100 8027792 2.000473024
29 10 3 100 3203359 2.000477229
15 14 3 100 9735 2.000477970
4 14 3 100 22558 2.000480685
14 7 3 100 53493 2.000482784
16 2 3 100 20791 2.000486552
3 4 3 100 8758 2.000491716
14 13 3 100 190032 2.000499153
17 1 3 100 4769 2.000499362
21 23 3 100 6849 2.000504795
28 20 3 100 22168047 2.000512240
8 17 3 100 1489958 2.000519079
12 7 3 100 295 2.000523337
27 14 3 100 72181 2.000523919
31 12 3 100 8348458 2.000525442
16 28 3 100 1064496 2.000526997
2 31 3 100 29228 2.000528142
17 9 3 100 9421 2.000528171
9 17 3 100 2413 2.000532391
21 30 3 100 1465267 2.000534257
9 7 3 100 37680 2.000535038
19 10 3 100 10776210 2.000536534
2 19 3 100 21355 2.000539485
17 8 3 100 8120709 2.000545350
12 28 3 100 1595107 2.000558182
23 31 3 100 4002253 2.000564103
10 13 3 100 129587 2.000564670
5 8 3 100 435053 2.000564690
24 15 3 100 63963 2.000567661
23 4 3 100 8169528 2.000572216
5 12 3 100 1210818 2.000581591
11 15 3 100 2344222 2.000581641
9 26 3 100 77990 2.000582312
26 18 3 100 23314 2.000582384
2 13 3 100 7575833 2.000582451
27 14 3 100 4334076 2.000588662
24 31 3 100 871658 2.000596084
12 0 3 100 190571 2.000606958
8 19 3 100 4984829 2.000610744
9 12 3 100 75625 2.000616275
31 5 3 100 33499 2.000617730
30 1 3 100 6436173 2.000638139
21 12 3 100 379237 2.000646077
18 17 3 100 182778 2.000652805
9 18 3 100 36926 2.000652836
15 27 3 100 832312 2.000657058
8 28 3 100 1378235 2.000657782
15 11 3 100 64915 2.000660559
23 10 3 100 26338 2.000665122
0 11 3 100 179949 2.000668098
22 24 3 100 18295 2.000669059
4 27 3 100 24585 2.000670957
2 30 3 100 4434305 2.000673669
27 17 3 100 85506 2.000679828
12 11 3 100 1093715 2.000680074
19 8 3 100 5625030 2.000684863
26 6 3 100 769941 2.000685372
1 31 3 100 8564 2.000698357
14 21 3 100 9854575 2.000700440
16 5 3 100 73159 2.000703983
8 18 3 100 32622 2.000705164
21 3 3 100 198556 2.000710958
30 16 3 100 17599 2.000718399
26 23 3 100 225257 2.000719903
19 9 3 100 26507 2.000720427
18 12 3 100 2640297 2.000720577
4 29 3 100 72900 2.000723789
18 28 3 100 6416863 2.000724955
8 29 3 100 12031 2.000729462
29 25 3 100 49535 2.000736773
9 7 3 100 127609 2.000746807
21 20 3 100 56147 2.000746902
30 4 3 100 64707 2.000747698
20 22 3 100 8679 2.000748754
14 17 3 100 24990106 2.000769355
22 5 3 100 50621 2.000770921
15 24 3 100 44521 2.000775560
23 9 3 100 254102 2.000781543
16 9 3 100 7184114 2.000782891
2 25 3 100 70247 2.000795443
11 30 3 100 66694 2.000797846
27 22 3 100 150519 2.000798240
13 28 3 100 429128 2.000799924
10 2 3 100 20537 2.000801651
30 8 3 100 5880 2.000803693
21 12 3 100 3092 2.000806581
31 4 3 100 7470 2.000807147
2 7 3 100 35992 2.000807518
10 25 3 100 9153981 2.000809287
17 15 3 100 66112 2.000817362
30 31 3 100 13342 2.000823538
9 6 3 100 1003404 2.000833845
6 25 3 100 427552 2.000834911
21 19 3 100 14207849 2.000836775
30 22 3 100 25197042 2.000845603
22 28 3 100 2983434 2.000846976
30 5 3 100 48835 2.000849968
9 13 3 100 77662 2.000851734
9 0 3 100 67536 2.000852756
4 9 3 100 8965 2.000855070
2 16 3 100 10205 2.000856855
12 1 3 100 552 2.000858708
5 25 3 100 11073 2.000872274
1 12 3 100 1316704 2.000875554
10 0 3 100 77517 2.000878550
6 5 3 100 43294 2.000879752
14 19 3 100 543 2.000882879
10 5 3 100 1875481 2.000882967
20 14 3 100 1733933 2.000889814
4 8 3 100 36853 2.000894207
19 18 3 100 57726 2.000900135
13 9 3 100 4135136 2.000905414
14 27 3 100 48445 2.000915568
7 4 3 100 20483 2.000916172
2 4 3 100 5963902 2.000920845
12 5 3 100 25286450 2.000924082
20 3 3 100 44643 2.000930720
25 30 3 100 37457 2.000931648
2 13 3 100 157 2.000932189
10 17 3 100 196361 2.000932744
9 26 3 100 1247656 2.000937116
14 31 3 100 5352614 2.000938620
25 27 3 100 1381212 2.000944226
9 4 3 100 41100 2.000944282
15 27 3 100 1166327 2.000946900
10 19 3 100 8026159 2.000955981
22 1 3 100 12207 2.000960325
7 13 3 100 3653910 2.000960577
8 29 3 100 623808 2.000962104
10 7 3 100 35017 2.000963888
23 13 3 100 1597475 2.000964967
2 28 3 100 404630 2.000965119
15 24 3 100 5185759 2.000965995
26 30 3 100 1729958 2.000968708
16 26 3 100 401987 2.000971740
10 16 3 100 176346 2.000973699
18 31 3 100 1479820 2.000981260
23 6 3 100 4055590 2.000982214
24 8 3 100 6806 2.000988083
20 7 3 100 697054 2.000988870
22 11 3 100 9010 2.000988956
21 31 3 100 2998163 2.000991168
12 5 3 100 9030 2.000992002
20 23 3 100 995671 2.000992049
22 12 3 100 1908089 2.000996799
2 28 3 100 997677 2.000998707
13 14 3 100 40625 2.001000333
12 23 3 100 1055113 2.001003447
19 12 3 100 168841 2.001008385
6 16 3 100 131892 2.001010216
4 24 3 100 28656 2.001013303
13 24 3 100 190272 2.001020957
1 10 3 100 75805 2.001022338
24 17 3 100 142601 2.001027047
19 17 3 100 678048 2.001031444
23 16 3 100 7203 2.001041926
18 5 3 100 67975 2.001049607
24 16 3 100 1393064 2.001061527
25 18 3 100 30598 2.001073186
4 8 3 100 7023 2.001074900
16 19 3 100 11285 2.001077584
10 30 3 100 27459 2.001087524
29 7 3 100 19333 2.001088855
12 4 3 100 29212790 2.001098626
4 11 3 100 2862659 2.001104493
15 1 3 100 52452 2.001108527
15 14 3 100 26894 2.001114563
30 28 3 100 28225 2.001121018
8 27 3 100 961600 2.001121741
1 12 3 100 9081 2.001122091
5 4 3 100 1572670 2.001127589
22 8 3 100 68443 2.001137865
11 14 3 100 117005 2.001139278
11 8 3 100 2865638 2.001146095
14 4 3 100 2795238 2.001162273
13 14 3 100 8623358 2.001168043
9 3 3 100 1057200 2.001171256
18 0 3 100 22758637 2.001179280
19 25 3 100 5752 2.001188735
14 27 3 100 30940 2.001189351
18 28 3 100 730 2.001190514
30 7 3 100 824973 2.001190714
29 30 3 100 33395 2.001195690
22 1 3 100 8507 2.001199770
22 27 3 100 3236386 2.001204019
23 4 3 100 45069 2.001212861
9 10 3 100 2643962 2.001214454
14 23 3 100 21424 2.001218736
30 15 3 100 6300429 2.001219301
29 25 3 100 5408 2.001221643
14 0 3 100 113265 2.001225668
11 26 3 100 137213 2.001226107
28 16 3 100 72769 2.001226564
31 26 3 100 60927 2.001229369
1 29 3 100 8067 2.001229800
1 13 3 100 30046 2.001238644
24 23 3 100 1716002 2.001245440
13 6 3 100 11939 2.001258868
17 0 3 100 5613806 2.001261462
1 19 3 100 42954 2.001261750
7 8 3 100 15707 2.001264843
24 13 3 100 25393 2.001268915
21 5 3 100 87853 2.001270404
16 11 3 100 1552760 2.001273202
7 18 3 100 77566 2.001275664
14 31 3 100 1093970 2.001284734
31 3 3 100 757374 2.001287261
3 13 3 100 1135917 2.001288088
27 28 3 100 9354747 2.001293726
17 24 3 100 4152886 2.001297252
20 22 3 100 2236 2.001300408
3 5 3 100 366790 2.001306384
14 3 3 100 23426 2.001306993
0 12 3 100 51809 2.001307892
28 1 3 100 918219 2.001311372
3 12 3 100 1190779 2.001313002
13 6 3 100 56239 2.001316477
27 0 3 100 30728 2.001316555
21 10 3 100 55018 2.001319834
25 9 3 100 1793343 2.001322628
26 8 3 100 39024 2.001322692
0 19 3 100 3521340 2.001330825
8 4 3 100 4848753 2.001340343
19 23 3 100 79991 2.001340950
26 19 3 100 76754 2.001341191
1 11 3 100 640452 2.001342672
16 1 3 100 6521627 2.001347373
30 1 3 100 8567969 2.001352907
20 29 3 100 4228 2.001355052
30 7 3 100 39198 2.001364672
13 30 3 100 7305 2.001366779
22 14 3 100 1122572 2.001384116
13 1 3 100 130298 2.001385688
28 29 3 100 1795611 2.001389406
0 29 3 100 28537 2.001410050
25 20 3 100 9647 2.001410639
15 24 3 100 77827 2.001410822
14 8 3 100 66621 2.001414020
26 6 3 100 9274 2.001417599
5 12 3 100 30449 2.001420702
18 5 3 100 1536058 2.001429667
14 5 3 100 96414 2.001439059
12 25 3 100 17827691 2.001455950
29 19 3 100 11806 2.001463149
27 24 3 100 9594284 2.001464965
17 5 3 100 11095220 2.001467183
4 14 3 100 24000 2.001468567
7 31 3 100 13912369 2.001473759
25 24 3 100 77534 2.001478719
27 4 3 100 45738 2.001482616
15 20 3 100 73979 2.001487480
23 20 3 100 3714368 2.001489611
8 2 3 100 5779219 2.001489919
27 31 3 100 116869 2.001495300
10 9 3 100 1247847 2.001496143
17 19 3 100 113035 2.001499410
18 30 3 100 8676908 2.001509244
12 7 3 100 3801341 2.001510964
13 2 3 100 6770 2.001533198
20 17 3 100 11024055 2.001535227
16 21 3 100 15416 2.001536934
25 19 3 100 73619 2.001545895
16 21 3 100 1651731 2.001549203
26 31 3 100 2686 2.001550401
23 19 3 100 86287 2.001550956
27 22 3 100 2011012 2.001551499
7 9 3 100 2844900 2.001551507
30 25 3 100 796854 2.001553015
25 31 3 100 75158 2.001555710
20 21 3 100 7770 2.001556009
11 6 3 100 25708815 2.001559051
18 23 3 100 1839049 2.001572335
11 13 3 100 3663345 2.001573640
8 3 3 100 1471 2.001577700
8 2 3 100 4828 2.001577832
19 23 3 100 66209 2.001580133
16 22 3 100 72779 2.001586555
5 12 3 100 55618 2.001590305
10 4 3 100 3808431 2.001601728
29 16 3 100 2203590 2.001603081
14 13 3 100 26560 2.001605268
17 21 3 100 13066060 2.001605926
28 19 3 100 3465 2.001609240
19 20 3 100 11265 2.001617011
9 0 3 100 21851782 2.001619421
31 29 3 100 26446 2.001619489
5 8 3 100 55987 2.001622302
4 9 3 100 654487 2.001628237
17 30 3 100 21827 2.001635458
29 27 3 100 29002 2.001635586
0 2 3 100 64028 2.001636385
9 15 3 100 4811 2.001641993
23 16 3 100 8951419 2.001643603
0 14 3 100 76391 2.001645029
10 11 3 100 1073429 2.001654620
14 12 3 100 58675 2.001655300
14 11 3 100 17218 2.001663391
2 3 3 100 403797 2.001669803
26 29 3 100 9341769 2.001673129
17 20 3 100 44282 2.001673285
7 0 3 100 109778 2.001674561
23 27 3 100 9457047 2.001681056
17 30 3 100 756913 2.001683897
13 12 3 100 3873811 2.001688252
16 25 3 100 968446 2.001696902
17 22 3 100 13624 2.001699757
1 2 3 100 75943 2.001704555
6 3 3 100 7720 2.001709635
9 3 3 100 35946 2.001709838
9 6 3 100 24501512 2.001711482
6 11 3 100 18007021 2.001715839
13 5 3 100 56750 2.001721745
22 24 3 100 1400220 2.001733232
29 22 3 100 5664468 2.001736492
0 15 3 100 809658 2.001739452
14 6 3 100 26385 2.001742174
17 25 3 100 570572 2.001751408
28 25 3 100 748510 2.001752722
19 20 3 100 64812 2.001754910
14 8 3 100 37115 2.001762516
10 9 3 100 7119078 2.001767162
11 6 3 100 98716 2.001767311
25 31 3 100 73508 2.001773547
6 12 3 100 4786956 2.001776250
31 26 3 100 24228 2.001787008
28 18 3 100 29779 2.001790152
10 14 3 100 28329 2.001791264
4 11 3 100 63805 2.001792540
29 21 3 100 18563 2.001794454
2 14 3 100 522854 2.001802144
26 17 3 100 52171 2.001803701
2 1 3 100 31816 2.001812625
8 1 3 100 44661 2.001812784
18 30 3 100 6137 2.001813153
23 18 3 100 24640472 2.001818149
29 16 3 100 5356240 2.001822243
8 13 3 100 19798344 2.001827358
21 16 3 100 1051836 2.001836238
12 15 3 100 23514 2.001836887
0 6 3 100 4209458 2.001842990
8 0 3 100 56931 2.001847216
4 5 3 100 37171 2.001848195
4 7 3 100 9958653 2.001854043
26 21 3 100 162783 2.001857671
11 5 3 100 4734 2.001858071
23 21 3 100 29446 2.001859443
13 5 3 100 18916376 2.001862546
19 29 3 100 26885 2.001869156
30 31 3 100 1222524 2.001871808
18 22 3 100 30790 2.001876289
23 31 3 100 8645992 2.001879333
15 1 3 100 4185251 2.001883145
29 21 3 100 1055240 2.001893633
24 30 3 100 657642 2.001896250
11 2 3 100 819 2.001896315
25 18 3 100 24514 2.001897316
1 10 3 100 1806025 2.001898634
13 10 3 100 92933 2.001904572
9 14 3 100 6758096 2.001905466
7 11 3 100 29514 2.001913977
11 14 3 100 23886901 2.001917793
24 18 3 100 711592 2.001921991
31 23 3 100 50309 2.001924839
19 22 3 100 1774544 2.001926200
4 12 3 100 2671360 2.001938846
0 10 3 100 61940 2.001939518
10 1 3 100 8154 2.001940881
9 2 3 100 23137 2.001948587
4 14 3 100 37220 2.001949340
3 0 3 100 30638 2.001954734
3 9 3 100 1272 2.001960157
22 23 3 100 28637 2.001960292
23 16 3 100 26807 2.001985514
8 14 3 100 1689202 2.001985685
17 16 3 100 804714 2.001989850
26 29 3 100 4683414 2.001998470
21 29 3 100 69259 2.002005487
14 9 3 100 7685782 2.002006199
12 14 3 100 2386097 2.002006320
19 29 3 100 49509 2.002009198
5 6 3 100 29966 2.002010056
22 30 3 100 78721 2.002022935
20 26 3 100 3773561 2.002026453
29 17 3 100 26205 2.002029037
5 4 3 100 3539389 2.002031371
25 30 3 100 67969 2.002037392
5 1 3 100 7782577 2.002040214
1 13 3 100 48446 2.002049590
1 2 3 100 18134 2.002052688
29 19 3 100 263951 2.002057120
2 5 3 100 49737 2.002064154
6 4 3 100 4304560 2.002064713
11 3 3 100 869 2.002066757
24 25 3 100 24777 2.002067106
16 29 3 100 57083 2.002069489
23 22 3 100 4589 2.002070418
14 11 3 100 2924 2.002075275
23 26 3 100 36695 2.002082876
18 21 3 100 65617 2.002084999
28 22 3 100 1358 2.002092573
26 28 3 100 4330714 2.002101119
11 9 3 100 42006 2.002101805
16 18 3 100 21823998 2.002102690
3 7 3 100 27079 2.002104313
30 16 3 100 64850 2.002104315
31 26 3 100 6787816 2.002105473
18 27 3 100 26820 2.002107381
10 6 3 100 22251656 2.002108916
31 29 3 100 5885987 2.002109587
24 30 3 100 155163 2.002124269
7 8 3 100 26614 2.002138300
2 14 3 100 1425251 2.002140015
9 10 3 100 219769 2.002140021
15 11 3 100 269296 2.002144365
3 0 3 100 3100803 2.002156437
6 8 3 100 1347 2.002158064
6 2 3 100 197660 2.002159174
9 13 3 100 1245264 2.002160052
23 27 3 100 15569 2.002161844
18 30 3 100 157169 2.002167344
5 6 3 100 2149595 2.002168122
31 30 3 100 52918 2.002171084
21 26 3 100 199306 2.002176957
13 14 3 100 52284 2.002181952
15 13 3 100 53864 2.002189320
25 20 3 100 707290 2.002191983
7 3 3 100 10371 2.002202087
7 9 3 100 1178317 2.002203289
24 26 3 100 791086 2.002209745
4 12 3 100 28144 2.002216546
19 28 3 100 6327 2.002222753
15 0 3 100 3338974 2.002222880
17 26 3 100 43086 2.002229335
7 3 3 100 3848084 2.002232834
6 14 3 100 7251 2.002238095
23 16 3 100 8028774 2.002245051
17 16 3 100 627846 2.002245484
6 12 3 100 189132 2.002246644
14 11 3 100 745662 2.002247228
19 23 3 100 9138 2.002249833
31 22 3 100 4310334 2.002253611
25 17 3 100 16875 2.002255119
27 20 3 100 2990 2.002260652
18 17 3 100 22242 2.002261168
7 12 3 100 66695 2.002267998
5 1 3 100 157732 2.002274678
29 18 3 100 1731431 2.002275589
30 22 3 100 79797 2.002285931
24 31 3 100 1897016 2.002295945
20 23 3 100 16179 2.002299650
5 13 3 100 9088 2.002302345
17 20 3 100 77672 2.002318287
3 6 3 100 20752 2.002322989
27 20 3 100 68830 2.002323768
2 8 3 100 73769 2.002331963
23 17 3 100 1343780 2.002354711
7 11 3 100 5787743 2.002359769
16 30 3 100 547590 2.002360718
13 6 3 100 143548 2.002363334
12 11 3 100 3046781 2.002366682
1 14 3 100 2756075 2.002367613
19 23 3 100 46677 2.002379651
7 13 3 100 56863 2.002380853
3 11 3 100 4313195 2.002384927
24 21 3 100 15919 2.002387404
13 14 3 100 2423 2.002388898
13 7 3 100 4736704 2.002396309
21 20 3 100 8963329 2.002399353
16 21 3 100 66892 2.002400217
2 10 3 100 36295 2.002400641
30 20 3 100 7820376 2.002402383
4 11 3 100 154283 2.002406761
8 1 3 100 1890972 2.002420034
13 4 3 100 7739231 2.002421999
3 12 3 100 6971 2.002422974
12 8 3 100 44881 2.002425869
12 9 3 100 9635 2.002426260
24 21 3 100 3489498 2.002431325
17 31 3 100 3727369 2.002436565
12 5 3 100 4452 2.002439929
7 15 3 100 7573 2.002448227
16 28 3 100 2182636 2.002450075
24 16 3 100 29345811 2.002461508
1 4 3 100 4721915 2.002463760
25 24 3 100 8860 2.002468153
25 28 3 100 798198 2.002469105
17 16 3 100 7657 2.002470883
8 13 3 100 518743 2.002482160
21 17 3 100 15040466 2.002485957
7 14 3 100 21092 2.002487018
20 27 3 100 79408 2.002488357
15 1 3 100 310832 2.002488917
7 14 3 100 6147626 2.002491045
14 9 3 100 2673414 2.002496215
11 13 3 100 32793 2.002497696
0 2 3 100 2677426 2.002502699
30 21 3 100 787128 2.002509445
4 1 3 100 3509455 2.002513009
9 0 3 100 92908 2.002516935
6 7 3 100 107040 2.002517810
8 3 3 100 31270 2.002518305
11 2 3 100 8909994 2.002523323
6 14 3 100 6720 2.002527492
4 1 3 100 1379919 2.002531622
24 18 3 100 55440 2.002534420
11 0 3 100 16109 2.002535922
2 7 3 100 66255 2.002537657
9 13 3 100 3300046 2.002539461
22 27 3 100 37141 2.002546118
4 13 3 100 33568 2.002546351
4 10 3 100 7507194 2.002550677
23 26 3 100 1790906 2.002552147
28 30 3 100 74523 2.002557879
29 30 3 100 67258 2.002557920
15 9 3 100 2426 2.002559385
15 0 3 100 45582 2.002561217
0 8 3 100 142114 2.002568857
20 22 3 100 4194982 2.002571598
10 2 3 100 167912 2.002572316
5 8 3 100 1012 2.002572360
21 17 3 100 41494 2.002578350
2 0 3 100 1715660 2.002580408
22 17 3 100 2129569 2.002583842
27 31 3 100 1847292 2.002585953
28 26 3 100 2714 2.002591564
19 25 3 100 130384 2.002591798
23 21 3 100 689 2.002595174
31 21 3 100 2804 2.002600197
31 17 3 100 25136 2.002600441
11 14 3 100 149802 2.002600699
25 18 3 100 171615 2.002601355
21 17 3 100 685072 2.002606510
21 26 3 100 4729 2.002607188
5 0 3 100 45730 2.002607602
27 17 3 100 1201741 2.002607893
5 0 3 100 219792 2.002608290
13 11 3 100 150856 2.002616566
1 15 3 100 2304 2.002623368
1 12 3 100 918808 2.002627773
5 2 3 100 4450 2.002631612
29 25 3 100 40787 2.002632458
6 14 3 100 24342 2.002632559
20 29 3 100 1918280 2.002643927
27 25 3 100 452842 2.002650684
20 25 3 100 2782710 2.002657723
12 15 3 100 4491 2.002666094
26 23 3 100 1761349 2.002672793
18 31 3 100 3840756 2.002673536
26 17 3 100 72279 2.002676058
4 10 3 100 49534 2.002681488
30 26 3 100 1522669 2.002688130
24 20 3 100 2836230 2.002696633
6 3 3 100 66601 2.002700783
1 15 3 100 14524 2.002704691
21 16 3 100 2133923 2.002708836
14 2 3 100 1315099 2.002715905
26 27 3 100 50523 2.002723052
6 13 3 100 782730 2.002723276
9 1 3 100 4123750 2.002726088
6 1 3 100 15957 2.002727331
19 20 3 100 5486455 2.002733732
30 18 3 100 140223 2.002751744
14 1 3 100 2912428 2.002754740
27 25 3 100 9087 2.002759078
4 2 3 100 45380 2.002759523
24 23 3 100 4860863 2.002763026
22 17 3 100 365352 2.002766317
11 12 3 100 1284534 2.002768354
28 21 3 100 259894 2.002768748
31 27 3 100 2921136 2.002786987
6 5 3 100 17091 2.002789655
2 3 3 100 6338013 2.002790632
22 21 3 100 1037060 2.002791018
10 6 3 100 12685 2.002791992
13 5 3 100 1459934 2.002804275
6 1 3 100 32680 2.002809087
8 0 3 100 2919 2.002809808
12 13 3 100 1174651 2.002809886
31 24 3 100 193607 2.002812209
28 30 3 100 48642 2.002816569
9 13 3 100 175367 2.002820724
8 14 3 100 67643 2.002832083
7 14 3 100 872343 2.002832838
26 30 3 100 9377069 2.002837444
10 8 3 100 984143 2.002844968
9 4 3 100 27529 2.002846119
6 8 3 100 67377 2.002862795
22 24 3 100 695 2.002890722
24 17 3 100 1296787 2.002895885
31 21 3 100 1518868 2.002896678
7 12 3 100 48788 2.002899980
0 7 3 100 21978 2.002913931
24 26 3 100 25233 2.002915831
3 6 3 100 9658221 2.002923597
20 25 3 100 52477 2.002942510
14 8 3 100 76160 2.002959860
6 4 3 100 52891 2.002962900
31 16 3 100 48280 2.002968361
17 19 3 100 23374 2.002968709
25 16 3 100 2998889 2.002981582
11 8 3 100 486 2.002982715
11 10 3 100 21818 2.002987776
1 12 3 100 2496 2.002990871
6 3 3 100 118072 2.002994507
28 23 3 100 68816 2.002995675
9 12 3 100 21055 2.002996172
7 5 3 100 2912247 2.002996319
15 8 3 100 16274 2.002998007
12 2 3 100 4120 2.003001514
16 20 3 100 8968921 2.003004956
12 11 3 100 1219584 2.003006066
14 11 3 100 173337 2.003006964
7 1 3 100 70958 2.003014604
5 11 3 100 11476 2.003016751
14 15 3 100 40562 2.003023049
26 18 3 100 150 2.003023222
11 4 3 100 1852493 2.003026049
7 12 3 100 889 2.003034530
24 29 3 100 835927 2.003037092
1 10 3 100 205518 2.003039633
1 12 3 100 624 2.003041814
15 1 3 100 4155705 2.003044318
14 6 3 100 52841 2.003045447
9 5 3 100 1126908 2.003046187
15 2 3 100 60969 2.003047995
22 21 3 100 58711 2.003061445
23 21 3 100 62423 2.003067666
16 23 3 100 1147886 2.003068174
24 17 3 100 36531 2.003070463
13 3 3 100 79521 2.003073373
20 16 3 100 76716 2.003073897
23 19 3 100 3302382 2.003076324
5 14 3 100 20856 2.003087124
2 9 3 100 57708 2.003104569
9 14 3 100 74339 2.003106869
14 15 3 100 9440488 2.003107061
15 10 3 100 29940 2.003109719
30 17 3 100 8500 2.003110859
6 5 3 100 192233 2.003113670
4 12 3 100 331505 2.003114766
16 23 3 100 683724 2.003120336
23 17 3 100 55494 2.003122225
15 13 3 100 41274 2.003127110
4 2 3 100 6037989 2.003129299
30 17 3 100 43628 2.003136223
31 29 3 100 40835 2.003139310
10 4 3 100 299483 2.003143697
10 9 3 100 6547 2.003143738
29 31 3 100 32460 2.003147225
17 22 3 100 17229 2.003150823
8 3 3 100 138404 2.003155739
28 24 3 100 196026 2.003156849
15 10 3 100 1064356 2.003171999
20 26 3 100 3383 2.003177575
1 12 3 100 27079 2.003180472
12 11 3 100 2033554 2.003180527
2 15 3 100 4538 2.003185433
7 6 3 100 35959 2.003190104
2 3 3 100 37302 2.003192693
10 2 3 100 784166 2.003198206
0 6 3 100 1939143 2.003203260
9 4 3 100 1042 2.003204867
30 18 3 100 7603965 2.003205810
23 25 3 100 59989 2.003211606
29 28 3 100 24818 2.003212146
23 26 3 100 1561622 2.003213219
24 18 3 100 21201 2.003213876
25 21 3 100 23677 2.003218299
5 11 3 100 20564 2.003228647
7 11 3 100 47089 2.003233584
25 27 3 100 2371559 2.003233922
24 31 3 100 20062326 2.003236167
14 1 3 100 3474119 2.003247380
5 2 3 100 9788119 2.003252281
27 21 3 100 9974 2.003254157
18 19 3 100 42864 2.003271929
18 21 3 100 2326905 2.003275203
5 13 3 100 31588 2.003280321
3 11 3 100 4443039 2.003282393
28 25 3 100 26466 2.003292433
1 10 3 100 368276 2.003293209
28 16 3 100 8744609 2.003295394
14 1 3 100 8976547 2.003302244
19 22 3 100 3851525 2.003307778
27 24 3 100 1217945 2.003308768
14 6 3 100 37406 2.003315628
28 29 3 100 57119 2.003318577
13 0 3 100 7231095 2.003322744
18 25 3 100 1175184 2.003323550
31 25 3 100 70476 2.003325057
28 24 3 100 406 2.003331092
19 16 3 100 25001 2.003334518
9 1 3 100 40215 2.003336014
20 19 3 100 74598 2.003336699
15 10 3 100 26571 2.003337803
20 16 3 100 81397 2.003338759
1 2 3 100 2444627 2.003340725
0 11 3 100 93323 2.003341431
31 30 3 100 554126 2.003349673
24 19 3 100 72441 2.003352312
27 23 3 100 7703795 2.003355575
13 1 3 100 4858180 2.003356907
1 12 3 100 21356711 2.003361909
10 4 3 100 23211 2.003368949
14 1 3 100 499954 2.003370360
26 30 3 100 3053 2.003373566
16 31 3 100 23672013 2.003376522
19 17 3 100 6489789 2.003382465
21 29 3 100 1366750 2.003384338
4 13 3 100 2732 2.003387425
29 27 3 100 26641128 2.003389828
26 19 3 100 1862 2.003391531
17 28 3 100 1458746 2.003392582
3 0 3 100 941068 2.003398906
15 10 3 100 83 2.003402948
31 24 3 100 7413705 2.003408945
25 24 3 100 2872 2.003409111
30 21 3 100 48790 2.003409773
10 3 3 100 1382608 2.003419686
9 1 3 100 5583 2.003419975
3 4 3 100 31500 2.003422292
26 21 3 100 431381 2.003427098
20 19 3 100 39378 2.003428703
11 14 3 100 324153 2.003437137
19 28 3 100 29068 2.003437526
7 4 3 100 16280059 2.003445019
15 5 3 100 66883 2.003452207
4 10 3 100 69329 2.003456380
24 27 3 100 1213440 2.003460658
4 1 3 100 75018 2.003465408
10 15 3 100 20563 2.003466383
7 9 3 100 7096132 2.003469127
31 20 3 100 5956 2.003486726
31 27 3 100 25173 2.003494634
14 8 3 100 80470 2.003494883
28 26 3 100 536934 2.003498282
7 4 3 100 42213 2.003501750
18 16 3 100 40880 2.003510954
3 11 3 100 469529 2.003532951
27 22 3 100 762030 2.003535115
18 30 3 100 1506908 2.003536485
21 28 3 100 23919 2.003537312
11 3 3 100 23806840 2.003540374
16 31 3 100 8306 2.003542611
27 21 3 100 14282 2.003542859
6 15 3 100 7581543 2.003542902
2 8 3 100 5869 2.003543307
26 20 3 100 952756 2.003545481
12 9 3 100 1893972 2.003545903
2 14 3 100 1347308 2.003548270
20 29 3 100 708359 2.003551096
1 10 3 100 13880148 2.003552166
31 22 3 100 13479 2.003556831
8 15 3 100 67364 2.003562326
29 30 3 100 5732 2.003568646
5 3 3 100 993815 2.003573853
16 19 3 100 2484982 2.003582317
25 23 3 100 20963 2.003584212
22 20 3 100 779194 2.003586173
24 22 3 100 3050810 2.003589669
26 22 3 100 9874 2.003594637
21 25 3 100 61150 2.003594757
23 29 3 100 564737 2.003597348
30 20 3 100 175093 2.003605241
1 5 3 100 21724099 2.003606132
3 6 3 100 3905 2.003637793
28 24 3 100 5379407 2.003641101
11 13 3 100 59729 2.003647568
0 5 3 100 71543 2.003647685
9 10 3 100 8220 2.003650285
7 6 3 100 33894 2.003657338
3 10 3 100 53522 2.003658696
20 22 3 100 42098 2.003662221
25 30 3 100 4905119 2.003666854
3 9 3 100 23502 2.003667581
22 17 3 100 1723838 2.003668820
13 8 3 100 25252 2.003669423
13 3 3 100 74866 2.003676595
19 23 3 100 10800571 2.003677322
15 8 3 100 28201 2.003684157
19 30 3 100 7497 2.003690285
11 5 3 100 74137 2.003695962
18 27 3 100 53403 2.003702673
23 19 3 100 1319492 2.003705232
28 18 3 100 5933085 2.003706743
2 1 3 100 2367394 2.003709604
18 21 3 100 5483805 2.003716851
10 15 3 100 42113 2.003717891
15 5 3 100 13172 2.003722684
2 13 3 100 72334 2.003725057
16 20 3 100 3610147 2.003726554
24 20 3 100 33781 2.003727140
29 16 3 100 2881 2.003727404
6 12 3 100 5092 2.003731493
3 10 3 100 4522 2.003738665
19 31 3 100 31630 2.003740083
25 17 3 100 32331 2.003740681
13 11 3 100 2033063 2.003747286
2 13 3 100 1487751 2.003758553
20 21 3 100 1509149 2.003760243
31 25 3 100 6139 2.003762345
15 6 3 100 789 2.003778020
2 12 3 100 4430 2.003779275
27 31 3 100 52762 2.003780324
29 19 3 100 213027 2.003780387
5 1 3 100 134326 2.003784504
29 25 3 100 172869 2.003785651
4 7 3 100 9773680 2.003789055
11 2 3 100 5226 2.003790774
22 20 3 100 4190 2.003791239
20 28 3 100 182499 2.003791987
30 25 3 100 54766 2.003794431
0 8 3 100 2370 2.003798180
15 1 3 100 23377 2.003799815
27 21 3 100 997399 2.003810574
14 12 3 100 53106 2.003811644
19 26 3 100 148860 2.003811673
28 30 3 100 1745 2.003817698
20 30 3 100 24531 2.003818265
22 23 3 100 79226 2.003818945
0 2 3 100 27044 2.003819548
15 4 3 100 38756 2.003819985
17 31 3 100 2347164 2.003837823
2 9 3 100 36371 2.003839529
5 9 3 100 1954646 2.003847955
7 12 3 100 3592676 2.003849172
19 20 3 100 15243 2.003850914
4 13 3 100 1801714 2.003857405
16 26 3 100 16602512 2.003859110
20 16 3 100 9295 2.003868778
28 23 3 100 4773988 2.003868832
18 28 3 100 39030 2.003870860
29 21 3 100 4491827 2.003871172
3 13 3 100 2735699 2.003876037
10 2 3 100 4966 2.003879291
31 27 3 100 79780 2.003880007
24 17 3 100 875063 2.003887903
15 8 3 100 20776 2.003889334
7 5 3 100 9372300 2.003893148
11 1 3 100 6609 2.003894021
28 31 3 100 1419 2.003905038
25 31 3 100 2068 2.003905955
19 31 3 100 8174727 2.003906434
22 21 3 100 1991990 2.003907999
27 21 3 100 27463052 2.003911554
3 7 3 100 21242 2.003920012
29 30 3 100 44760 2.003929352
15 3 3 100 1199 2.003929761
28 19 3 100 13593 2.003932931
1 15 3 100 666992 2.003934326
6 2 3 100 1385340 2.003943165
12 1 3 100 1524481 2.003950255
21 24 3 100 4291987 2.003957479
29 26 3 100 5955353 2.003963050
26 18 3 100 27059088 2.003967068
10 9 3 100 7768 2.003969938
18 23 3 100 1712205 2.003970440
5 1 3 100 67813 2.003970581
17 29 3 100 3896 2.003996319
21 18 3 100 48765 2.003996824
21 31 3 100 23739 2.003998080
25 29 3 100 731845 2.004018467
10 13 3 100 26946 2.004018784
24 30 3 100 6561 2.004026738
4 11 3 100 7165 2.004038735
18 22 3 100 2254963 2.004038804
14 7 3 100 1568490 2.004050511
6 5 3 100 58538 2.004051279
13 4 3 100 1104203 2.004053658
7 5 3 100 85035 2.004055460
20 28 3 100 60986 2.004057476
7 4 3 100 63802 2.004059835
20 17 3 100 23522 2.004062372
1 7 3 100 6676634 2.004062999
27 28 3 100 1675882 2.004063579
15 12 3 100 54079 2.004066582
5 15 3 100 2823 2.004078115
13 5 3 100 28277 2.004081665
29 28 3 100 1883 2.004090946
21 16 3 100 9175 2.004098908
16 25 3 100 2022323 2.004105292
27 29 3 100 4789355 2.004106458
18 27 3 100 7764981 2.004106514
2 1 3 100 1529427 2.004111075
31 23 3 100 39076 2.004112901
20 21 3 100 75623 2.004119667
1 15 3 100 1820434 2.004121118
13 15 3 100 9478 2.004121275
25 30 3 100 5944213 2.004121398
27 17 3 100 74584 2.004121759
30 16 3 100 9129 2.004122080
20 30 3 100 53537 2.004125758
27 26 3 100 642747 2.004132834
9 7 3 100 2575559 2.004137651
22 31 3 100 9736 2.004140166
30 26 3 100 298989 2.004142836
1 14 3 100 6457 2.004146145
16 31 3 100 41456 2.004146533
6 15 3 100 22405501 2.004156429
1 10 3 100 1446 2.004156431
10 2 3 100 318946 2.004159391
30 27 3 100 14379 2.004166958
3 11 3 100 34059 2.004168260
22 28 3 100 39557 2.004171874
2 6 3 100 9655 2.004186079
18 17 3 100 1155905 2.004191146
3 11 3 100 2643 2.004194069
7 6 3 100 21138 2.004199137
21 19 3 100 66488 2.004219254
1 7 3 100 22759 2.004220342
26 19 3 100 341553 2.004220834
0 9 3 100 266770 2.004225389
8 11 3 100 1011796 2.004226458
20 19 3 100 40517 2.004227888
8 12 3 100 2090520 2.004228138
12 11 3 100 240083 2.004236085
20 25 3 100 16772 2.004236141
11 3 3 100 1879313 2.004242518
14 9 3 100 165104 2.004249209
30 31 3 100 73922 2.004250863
22 26 3 100 25335 2.004255495
3 5 3 100 71100 2.004256698
27 26 3 100 4082269 2.004258608
3 4 3 100 57042 2.004267773
18 19 3 100 8282 2.004268008
25 29 3 100 79264 2.004277827
0 10 3 100 1801605 2.004279232
31 24 3 100 4232369 2.004286728
25 17 3 100 29163 2.004293870
13 5 3 100 63669 2.004302558
9 1 3 100 21575 2.004303367
1 9 3 100 52928 2.004304725
9 8 3 100 1976026 2.004305213
4 11 3 100 893187 2.004310919
25 18 3 100 15947 2.004312961
3 1 3 100 1488465 2.004314921
25 20 3 100 92926 2.004316373
7 5 3 100 9414 2.004316834
11 15 3 100 74188 2.004317119
8 0 3 100 27246 2.004318229
18 26 3 100 4494939 2.004324093
11 15 3 100 10768 2.004324598
14 11 3 100 15961 2.004325547
0 7 3 100 177204 2.004330020
11 12 3 100 869738 2.004330235
4 3 3 100 2775877 2.004335047
19 22 3 100 159014 2.004336761
14 4 3 100 36528 2.004341133
31 30 3 100 1118230 2.004352873
25 21 3 100 3296 2.004356194
5 12 3 100 1296392 2.004359632
4 3 3 100 8135 2.004362258
30 28 3 100 2250 2.004366455
20 22 3 100 46928 2.004375285
24 16 3 100 64821 2.004376071
18 26 3 100 2606331 2.004377109
16 24 3 100 25400 2.004378673
7 3 3 100 27263 2.004385375
21 17 3 100 74323 2.004386270
24 18 3 100 53102 2.004386526
9 4 3 100 4450686 2.004393907
10 4 3 100 69144 2.004400788
24 19 3 100 16316 2.004415312
19 17 3 100 4311607 2.004420554
25 24 3 100 3709465 2.004429219
11 14 3 100 45995 2.004432900
11 10 3 100 38615 2.004435854
28 25 3 100 11034 2.004442136
8 2 3 100 9465818 2.004446139
7 12 3 100 5669289 2.004460956
30 24 3 100 6072149 2.004469345
28 16 3 100 1375567 2.004470061
6 11 3 100 297201 2.004481235
4 8 3 100 3890 2.004481691
1 3 3 100 673139 2.004484475
19 18 3 100 1768073 2.004486455
30 27 3 100 3426992 2.004489870
9 10 3 100 155070 2.004491721
13 15 3 100 3781 2.004493694
4 5 3 100 97775 2.004503104
12 4 3 100 23605 2.004509633
22 21 3 100 3288892 2.004510182
5 13 3 100 1636639 2.004519060
19 26 3 100 97945 2.004520721
0 11 3 100 9846134 2.004525643
6 12 3 100 47053 2.004528637
0 6 3 100 4413506 2.004539821
27 20 3 100 1876180 2.004543273
0 9 3 100 16602 2.004544731
27 26 3 100 5943 2.004545813
4 13 3 100 506 2.004548430
15 6 3 100 539307 2.004551409
7 13 3 100 9720354 2.004551600
11 10 3 100 49109 2.004551615
4 13 3 100 24987 2.004559422
29 19 3 100 2595131 2.004561079
5 9 3 100 32815 2.004571927
0 3 3 100 26562 2.004587918
2 3 3 100 1205351 2.004593881
13 6 3 100 32628 2.004607672
13 9 3 100 57684 2.004609115
2 8 3 100 8111 2.004609666
12 14 3 100 22517 2.004612903
26 18 3 100 22268 2.004615607
4 15 3 100 928583 2.004615691
27 22 3 100 22284 2.004616905
14 12 3 100 12816 2.004617472
4 13 3 100 3478726 2.004632604
11 0 3 100 3936315 2.004635590
12 1 3 100 3450582 2.004641091
2 1 3 100 1825 2.004643935
16 24 3 100 29708 2.004645751
14 6 3 100 63701 2.004646276
28 25 3 100 3729131 2.004649113
7 0 3 100 2078969 2.004655752
19 24 3 100 9588 2.004657416
25 21 3 100 3564616 2.004657779
9 5 3 100 53826 2.004660390
31 17 3 100 2916698 2.004663648
1 10 3 100 56389 2.004669862
18 20 3 100 79050 2.004674740
4 2 3 100 8965487 2.004678557
1 6 3 100 28126 2.004679395
24 17 3 100 122668 2.004683740
7 3 3 100 7663 2.004687834
3 6 3 100 30520 2.004694425
27 18 3 100 169524 2.004700447
26 18 3 100 72449 2.004708591
5 0 3 100 1588650 2.004715508
17 20 3 100 15627 2.004717045
8 15 3 100 1429403 2.004725911
31 29 3 100 9085 2.004734462
5 1 3 100 217622 2.004740715
3 6 3 100 13753931 2.004746937
24 23 3 100 21309 2.004749094
0 12 3 100 25486 2.004755978
4 6 3 100 1056190 2.004765126
24 26 3 100 43546 2.004774361
7 1 3 100 71906 2.004786327
26 8 3 100 156220 2.004789674
2 20 3 100 178304 2.004790188
17 7 3 100 4746291 2.004792646
8 17 3 100 180131 2.004793402
21 2 3 100 24482 2.004798145
8 28 3 100 58808 2.004798920
25 0 3 100 24699956 2.004800406
5 25 3 100 51696 2.004801916
26 12 3 100 7997759 2.004804581
26 5 3 100 44607 2.004808856
6 25 3 100 38971 2.004812296
15 21 3 100 68976 2.004819202
17 2 3 100 4776 2.004821557
28 6 3 100 78816 2.004826200
24 7 3 100 2588678 2.004829544
0 18 3 100 10981 2.004830530
4 22 3 100 29035 2.004835987
16 15 3 100 145387 2.004843939
3 26 3 100 6124191 2.004874499
17 12 3 100 634605 2.004875977
2 28 3 100 47209 2.004881095
8 21 3 100 1896503 2.004886775
16 6 3 100 1736226 2.004905830
17 1 3 100 25331767 2.004908450
