2002854785 42 1 4 1
2002859233 42 1 4 0
2002864364 42 1 4 1
2002868240 42 1 4 0
2002873308 42 1 4 1
2002876989 42 1 4 0
2002883449 42 1 4 1
2002887046 42 1 4 0
2002892818 42 1 4 1
2002897330 42 1 4 0
2002901089 42 1 4 1
2002905311 42 1 4 0
2002909568 42 1 4 1
2002914695 42 1 4 0
2002920605 42 1 4 1
2002924506 42 1 4 0
2002931203 42 1 4 1
2002935294 42 1 4 0
2002943719 42 1 4 1
2002947510 42 1 4 0
2002955088 42 1 4 1
2002957975 42 1 4 0
2003064137 42 1 4 1
2003067453 42 1 4 0
2003073078 42 1 4 1
2003077602 42 1 4 0
2003081930 42 1 4 1
2003086735 42 1 4 0
2003091954 42 1 4 1
2003094591 42 1 4 0
2003102400 42 1 4 1
2003105858 42 1 4 0
2004148819 2 0 1 1
2004151854 2 0 1 0
2004159885 2 0 1 1
2004163078 2 0 1 0
2004171392 2 0 1 1
2004175239 2 0 1 0
2004180789 2 0 1 1
2004180858 2 0 1 0
2004181206 2 0 1 1
2004184920 2 0 1 0
2004194416 2 0 1 1
2004197519 2 0 1 0
2004206603 2 0 1 1
2004209531 2 0 1 0
2004220466 2 0 1 1
2004223251 2 0 1 0
2004233343 2 0 1 1
2004237009 2 0 1 0
2004244073 2 0 1 1
2004247669 2 0 1 0
2004253879 2 0 1 1
2004257035 2 0 1 0
2004262888 2 0 1 1
2004266145 2 0 1 0
2004272998 2 0 1 1
2004276199 2 0 1 0
2004282969 2 0 1 1
2004287051 2 0 1 0
2004291651 2 0 1 1
2004295981 2 0 1 0
2004300336 2 0 1 1
2004305274 2 0 1 0
2004309463 2 0 1 1
2004315616 2 0 1 0
2004318813 2 0 1 1
2004327314 2 0 1 0
2004330851 2 0 1 1
2004339961 2 0 1 0
2004343008 2 0 1 1
2004348815 2 0 1 0
